#tempo, fluxo, gama, errofluxo, errogama, TS, retcode e npred
733261.500012 2.86421079887e-07 2.27594273378 5.31880559565e-08 0.146127526962 100.22526896 0.0 106.128363191
733266.500012 2.86421079887e-07 2.27594273378 5.31880559565e-08 0.146127526962 100.22526896 0.0 106.128363191
733271.500012 3.51429230503e-07 2.17788908623 5.65312334831e-08 0.123756306214 142.464192533 0.0 118.045565751
733276.500012 2.47495874029e-07 2.33614527077 5.59130950212e-08 0.187292571916 57.6166821565 0.0 69.4985526059
733281.500012 2.69437351836e-07 2.05760050538 5.75430855979e-08 0.138164762833 109.579868854 0.0 74.9340578459
733286.500012 3.94257170083e-07 2.07366694053 6.77279757868e-08 0.119564151608 149.421659079 0.0 98.1829528508
733291.500012 3.10008578916e-07 2.01370334514 5.61704445595e-08 0.120473866024 165.509656562 0.0 91.5426286388
733296.500012 2.60208880821e-07 2.15899093347 5.08834865121e-08 0.145938191578 94.5288175386 0.0 84.936708084
733301.500012 1.68962046403e-07 2.14944939848 4.48015050762e-08 0.185932412458 58.7431977523 0.0 58.1758837665
733306.500012 2.1692716796e-07 2.18762652981 4.51017178199e-08 0.149579527917 80.6439134345 0.0 83.7561195982
733311.500012 2.64183342443e-07 2.37851528004 5.37343546208e-08 0.173928452954 70.9310647916 0.0 99.6461688035
733316.500012 1.80746720915e-07 2.24429724243 4.69275077101e-08 0.191138845268 44.8656055144 0.0 67.1982941812
733321.500012 2.39473747209e-07 2.01387549832 4.67438102394e-08 0.127585884314 118.632067865 0.0 92.0136706596
733326.500012 1.31292180843e-07 1.88834037285 3.80345351321e-08 0.165730045762 74.0611148317 0.0 47.6537583065
733331.500012 2.69730811396e-07 2.31189691843 5.6710434054e-08 0.184431003579 65.809693581 0.0 75.0411041809
733336.500012 2.03733815881e-07 2.32664475971 6.42778327817e-08 0.253158849342 34.6321998681 0.0 46.2059218676
733341.500012 1.44580147537e-07 2.08728050566 5.35875989985e-08 0.22945735902 32.606343948 0.0 35.5646285438
733346.500012 2.50435060444e-07 2.06478287944 5.36073224578e-08 0.146705974715 96.4215206852 0.0 74.5987069776
733351.500012 2.1665795077e-07 1.84832731521 4.1601285224e-08 0.110303478637 170.568548225 0.0 81.351373558
733356.500012 1.90339126659e-07 2.01247103604 4.31086380109e-08 0.144558449462 85.3835636506 0.0 75.2034169452
733361.500012 1.52532888416e-07 2.13723984348 4.40455990765e-08 0.192936933567 56.874273692 0.0 61.1443833832
733366.500012 1.42319300497e-07 2.11230909968 4.37555152483e-08 0.191168052903 50.1856087188 0.0 60.1121516284
733371.500012 2.12995638927e-07 2.30625922297 4.98105417587e-08 0.185611079369 49.366135311 0.0 80.6916791287
733376.500012 3.21930385297e-07 2.8157978366 5.86572421483e-08 0.248083128299 60.2423898886 0.0 97.1881157083
733381.500012 8.84666120684e-08 2.02152197252 3.94576128835e-08 0.257039481984 24.9432863256 0.0 29.0812664065
733386.500012 1.33271769608e-07 2.94231148717 6.00253308506e-08 0.947638345825 8.47036634549 0.0 28.5190534075
733391.500012 1.23591605156e-07 2.18631766242 5.90129641699e-08 0.312485763581 19.8886968505 0.0 27.9163705373
733396.500012 2.22812061367e-07 2.24502275352 5.77840554258e-08 0.206468765118 56.2078281684 0.0 55.647635379
733401.500012 9.46450087672e-08 2.0231993299 3.83447720762e-08 0.246618835704 25.8594874161 0.0 30.9055122965
733406.500012 1.66201052544e-07 2.0919338899 4.47834154544e-08 0.179407350518 57.0790497392 0.0 55.6450440165
733411.500012 2.68576961147e-07 2.1997186762 5.10153355995e-08 0.144037222198 116.134774109 0.0 105.217919439
733416.500012 1.50357409708e-07 2.13900339491 4.25469318134e-08 0.188935768824 54.644995522 0.0 63.1781836383
733421.500012 9.10964399041e-08 2.03749630219 3.81589616291e-08 0.229980488365 34.7906110127 0.0 39.2282428707
733426.500012 9.10417334271e-08 2.38477433423 4.39431561866e-08 0.372822529406 14.8325694862 0.0 33.6439370698
733431.500012 6.60897155629e-08 2.05698499311 3.1976366373e-08 0.282882755133 10.2576952879 0.0 23.2055517717
733436.500012 6.44191370132e-08 2.06180239224 3.3804539404e-08 0.314949404422 8.52818347813 0.0 19.9372986252
733441.500012 1.76682150451e-07 2.13868947961 5.62055979835e-08 0.216253777152 36.989891054 0.0 39.3905715907
733446.500012 1.34693292241e-07 2.06490096969 5.26344199208e-08 0.238917433064 38.1181786264 0.0 33.1263248586
733451.500012 1.43057637219e-07 2.07917050401 4.41232862078e-08 0.204423851882 46.026016987 0.0 41.6584079792
733456.500012 1.52100322097e-07 2.15131805981 4.45103818792e-08 0.210643175954 36.8054886114 0.0 50.29748101
733461.500012 1.56475810516e-07 2.09174969497 4.17089279225e-08 0.169014453124 53.045015796 0.0 59.549089435
733466.500012 2.65965627801e-07 2.28539200131 4.88433369317e-08 0.150733579185 99.4352192739 0.0 104.395015696
733471.500012 3.60929712071e-07 2.2914508758 5.86889238163e-08 0.133849464116 142.108888411 0.0 143.294935647
733476.500012 2.86483540256e-07 2.06336168932 6.15848466694e-08 0.142640071885 114.735075364 0.0 77.193738346
733481.500012 2.61675373374e-07 2.43703099125 8.22195303051e-08 0.28588169265 25.7415140481 0.0 34.4982090019
733486.500012 2.20364662128e-07 2.30555261784 5.15443690658e-08 0.187051840533 60.4052000839 0.0 67.705024996
733491.500012 2.17575510214e-07 2.42134531545 5.8076379594e-08 0.233427079016 33.9147354363 0.0 60.3853002099
733496.500012 2.94594846767e-07 2.09347673832 6.22191970807e-08 0.147884625633 97.4260244673 0.0 72.8512296585
733501.500012 1.64965182754e-07 2.27018162031 5.43810119923e-08 0.240589352301 27.0275373966 0.0 39.5922169455
733506.500012 2.63718182137e-07 2.24087181744 5.5319923173e-08 0.162964180145 75.3035307967 0.0 77.9241045787
733511.500012 2.46529321729e-07 2.02991053166 4.98911960797e-08 0.131978472407 118.48735191 0.0 86.0160421966
733516.500012 2.94578525633e-07 2.28174296124 5.37539086535e-08 0.141304923809 107.198588357 0.0 104.296080357
733521.500012 2.39431430028e-07 2.5092492756 5.47355780015e-08 0.218398772784 47.2200398614 0.0 86.6194194685
733526.500012 3.58026674431e-07 2.05066930213 5.35107520716e-08 0.100513708898 230.046457829 0.0 151.45092948
733531.500012 3.33399496302e-07 1.91545784346 5.02933071115e-08 0.0913726958481 235.313409096 0.0 131.989946351
733536.500012 3.10127833667e-07 2.04743423743 5.49851514913e-08 0.122156414465 154.531800887 0.0 101.09172631
733541.500012 2.45807394593e-07 1.86218266631 4.67136748873e-08 0.113170437698 167.068600049 0.0 89.1919633339
733546.500012 2.36887197775e-07 1.95281140891 5.64213117048e-08 0.142675400494 143.065435886 0.0 73.6620172008
733551.500012 1.58342715533e-07 1.89966411462 5.12414222505e-08 0.177907851736 63.7201227619 0.0 41.8739164898
733556.500012 2.39640949343e-07 1.97992735646 5.72969665095e-08 0.145951984835 97.5320863368 0.0 64.9611969834
733561.500012 1.62942075189e-07 1.77579471118 3.93973214486e-08 0.130695584114 124.272947644 0.0 58.5546169985
733566.500012 2.26090919734e-07 1.83413537681 4.32737970456e-08 0.107528808077 166.664428172 0.0 88.0660284075
733571.500012 2.54040351789e-07 1.98279754328 4.80684983818e-08 0.11584563091 153.266668566 0.0 102.198857533
733576.500012 2.15257411205e-07 1.86169293885 3.91712029958e-08 0.102035935814 166.43628822 0.0 102.458044397
733581.500012 1.28914606052e-07 1.90390075799 3.59778425664e-08 0.153541953328 85.0100769841 0.0 57.4136678946
733586.500012 1.92482811464e-07 1.79754095071 3.79465373931e-08 0.106947642028 146.050049853 0.0 81.2625710834
733591.500012 1.26784181434e-07 1.68266651436 3.30767762213e-08 0.130487202468 108.817104714 0.0 52.5066384685
733596.500012 1.59642097581e-07 1.8453432721 4.10674386747e-08 0.144718389473 100.099021196 0.0 56.7552030972
733601.500012 2.17081795448e-07 2.06917703001 5.10112542613e-08 0.161251426574 77.7622273627 0.0 62.1399186835
733606.500012 1.35473370402e-07 1.81254186813 3.94045867096e-08 0.158110809016 68.7851619654 0.0 39.4183042539
733611.500012 9.10460679954e-08 1.74845667026 3.42688131794e-08 0.183358130529 63.3255206757 0.0 31.2096990248
733616.500012 1.45549598596e-07 1.95867308766 4.02377464332e-08 0.164665377358 64.3168346113 0.0 50.3051265939
733621.500012 2.66818618222e-07 1.94747781887 4.99127988879e-08 0.115529531775 169.499420324 0.0 99.8131718341
733626.500012 2.25562546993e-07 2.04006386886 4.97894495584e-08 0.138467448958 97.9754458605 0.0 86.3465334673
733631.500012 2.78365791033e-07 2.32993653339 5.49656586943e-08 0.163153914594 85.1135608739 0.0 99.2555232261
733636.500012 2.43596578913e-07 2.20728611502 5.41800103813e-08 0.160851929536 71.4948384742 0.0 89.4459820503
733641.500012 1.83766705045e-07 2.57248369972 5.17375344272e-08 0.295788690344 28.377198608 0.0 60.9528250805
733646.500012 1.3498061299e-07 2.10695949177 4.64508690112e-08 0.225725493332 37.5982236083 0.0 43.5350711949
733651.500012 1.27257762582e-07 2.13509356569 4.11242880789e-08 0.219626317304 33.424394046 0.0 41.0001804566
733656.500012 1.45038812456e-07 2.08923055937 4.28197507689e-08 0.198448643432 41.682390426 0.0 46.6203897618
733661.500012 1.07531775605e-07 1.86632598514 3.77955672121e-08 0.195108329696 52.6941197792 0.0 35.6237363814
733666.500012 8.49537583654e-08 1.70156959949 3.10174895166e-08 0.183754681578 56.9299511762 0.0 33.2004061305
733671.500012 1.09531752884e-07 1.88261637251 3.34132362655e-08 0.168421941627 49.421851144 0.0 43.2504252558
733676.500012 1.09552860218e-07 1.90834045205 4.29369513453e-08 0.205010388436 34.3098996938 0.0 33.1215099561
733681.500012 2.60579964716e-07 2.33561628001 6.38763723756e-08 0.206847367616 51.2129780087 0.0 65.6444077311
733686.500012 1.29250211286e-07 2.13013563058 4.60357186483e-08 0.222205884655 23.9216715954 0.0 37.9055530038
733691.500012 1.51235747631e-07 2.03097596958 4.85821791522e-08 0.197716321348 40.7157857691 0.0 44.7919703782
733696.500012 2.19990927195e-07 2.04232306555 5.11711812474e-08 0.166631943714 97.8071972251 0.0 73.1852951028
733701.500012 2.4424927533e-07 1.96968073671 4.50122740202e-08 0.120103987115 141.118361953 0.0 87.0179985546
733706.500012 1.58504087836e-07 2.27541715956 4.40756908664e-08 0.224811632612 35.5397100177 0.0 47.8481089057
733711.500012 1.15527453371e-07 1.99769480466 4.06705471281e-08 0.207562421954 38.1491143142 0.0 36.5840043956
733716.500012 1.52875067432e-07 2.17662326435 4.48265945065e-08 0.207770737121 38.6316079578 0.0 48.515912946
733721.500012 1.47536099279e-07 2.00462819359 4.07591930902e-08 0.17193765201 57.0367044325 0.0 54.1759492026
733726.500012 1.61015253068e-07 1.99948447919 4.46432907235e-08 0.170605172852 84.9987653493 0.0 56.3811241989
733731.500012 2.36632520152e-07 1.95362739576 5.20248775889e-08 0.135987221788 97.7561453854 0.0 71.7723622826
733736.500012 1.97111767676e-07 2.30485789503 5.75986510176e-08 0.213932777549 34.9080103924 0.0 55.0601144158
733741.500012 1.52880747789e-07 1.94326035414 4.94344168517e-08 0.180447065274 55.8642068147 0.0 49.0563830919
733746.500012 6.64899886837e-08 1.73145896043 2.99061338189e-08 0.200251351499 28.7724357904 0.0 23.8626254466
733751.500012 1.31141900996e-07 2.11425292854 3.85128089555e-08 0.201669485687 44.9377139769 0.0 48.3456663849
733756.500012 1.37344686495e-07 2.20339898173 4.04900525036e-08 0.230125487563 29.2018051219 0.0 45.9641569936
733761.500012 8.72272665175e-08 1.94016930268 3.31631423678e-08 0.215703741824 24.8929118104 0.0 28.7366368182
733766.500012 2.08449949136e-07 2.32207191059 5.56594299212e-08 0.22122304 43.0111729267 0.0 58.1733708578
733771.500012 6.96521138217e-08 2.09610181262 3.674440865e-08 0.31265214105 12.8342114285 0.0 23.1485267908
733776.500012 1.29550201494e-07 1.92519458795 3.5674013897e-08 0.168600556866 69.2295433808 0.0 47.8041955864
733781.500012 7.23760439619e-08 1.66511693961 2.64696185563e-08 0.176744867657 59.1286834982 0.0 29.3919664175
733786.500012 1.31244067948e-07 2.13884385487 4.60962903388e-08 0.220949909826 30.1705353465 0.0 43.4600290838
733791.500012 1.72241791303e-07 1.88808506694 4.6260065748e-08 0.147621429237 98.4494311205 0.0 61.0432299287
733796.500012 2.50680771303e-07 1.98977537042 4.94289417179e-08 0.124158088976 108.211514 0.0 88.9220547563
733801.500012 3.61651634935e-08 1.85299522222 3.14061378793e-08 0.427494311245 12.8048405429 0.0 13.6995806073
733806.500012 9.88446572799e-08 1.9956301663 3.6778927789e-08 0.214384176255 36.3190525056 0.0 36.5832083744
733811.500012 6.4504640552e-08 2.14929190013 3.08030794883e-08 0.330264421451 15.7787997195 0.0 23.0797405661
733816.500012 7.51385118954e-08 1.80330542761 3.2338329922e-08 0.217678557593 32.6310703018 0.0 25.2033096111
733821.500012 1.89379623234e-07 2.15537784362 5.01217474576e-08 0.182136785315 64.307294305 0.0 57.0475696693
733826.500012 2.36486071502e-07 2.36991070717 5.44349057279e-08 0.202905643119 57.8566222892 0.0 76.5954701544
733831.500012 1.05394820705e-07 2.02953786691 3.61787527831e-08 0.210010025812 33.5988435171 0.0 39.3502859025
733836.500012 9.5215421233e-08 2.27689287314 4.1227343172e-08 0.315579644565 17.7008876342 0.0 31.5773011914
733841.500012 1.80852059998e-07 2.03020379663 4.88166399794e-08 0.168200583395 53.4036399395 0.0 60.7465993021
733846.500012 2.14344650136e-07 2.21339712534 5.54286600284e-08 0.17996662983 62.5542121437 0.0 65.7363488008
733851.500012 1.86537948471e-07 1.99190837417 4.69116420382e-08 0.15416365156 73.9382834825 0.0 61.9283153311
733856.500012 1.50884202105e-07 2.09136605029 4.69300910127e-08 0.206183003206 49.6759142057 0.0 47.5304225275
733861.500012 9.74834133092e-08 2.23562603252 3.93760378867e-08 0.273218274393 21.1160823574 0.0 32.3669104796
733866.500012 1.92286370185e-07 2.10434909816 5.05822658274e-08 0.173504508689 77.4202770466 0.0 67.6660936025
733871.500012 1.77674993541e-07 2.11277747928 4.51507487578e-08 0.179730736899 58.081806667 0.0 55.52644954
733876.500012 1.98908433056e-07 1.96745893192 4.88642561982e-08 0.150130594884 87.5689805733 0.0 61.2322387716
733881.500012 2.15949362411e-07 2.07082189784 4.7558378782e-08 0.153408692064 85.4390750152 0.0 76.2286534678
733886.500012 1.39219763797e-07 1.88742846841 4.36899074882e-08 0.16868605411 86.8064096167 0.0 49.1257680768
733891.500012 2.4234987196e-07 2.0679319239 5.2807478269e-08 0.145069505952 106.924959149 0.0 80.1052213426
733896.500012 2.32295704017e-07 2.04669270473 5.19957944517e-08 0.140863005433 93.5224925925 0.0 80.4050882561
733901.500012 3.40339038711e-07 1.97733297905 6.12236084877e-08 0.109857500247 183.795656116 0.0 115.716321225
733906.500012 3.66856826713e-07 2.08374252693 6.00729444778e-08 0.111910292108 194.145583089 0.0 124.384243746
733911.500012 1.59753259275e-07 2.03874146206 4.38222977273e-08 0.175726823888 47.5363584966 0.0 56.0575112145
733916.500012 1.69054781234e-07 2.00313689341 4.63237289569e-08 0.167142744694 76.6984652871 0.0 59.2067012506
733921.500012 2.99346642551e-07 1.90399853971 5.0527282963e-08 0.104357061759 208.005638949 0.0 104.804475988
733926.500012 1.48582705981e-07 1.92618167208 4.27636414491e-08 0.167236138371 61.7002177824 0.0 48.2771628368
733931.500012 2.00106803098e-07 2.05234005594 4.5339396902e-08 0.151646306469 80.0242491877 0.0 68.2793406802
733936.500012 1.8826517581e-07 2.10438667507 4.19155882369e-08 0.156920228456 59.5085474774 0.0 67.636553192
733941.500012 1.91782386172e-07 2.02835070242 5.02005887861e-08 0.16141271488 66.7492001072 0.0 63.5361543385
733946.500012 2.15485191749e-07 1.86261499242 4.49313727787e-08 0.121868754642 145.54828495 0.0 71.4560113475
733951.500012 4.63888729283e-07 2.00687889609 7.00282922536e-08 0.0979513136997 255.528929908 0.0 143.919299957
733956.500012 3.68506743796e-07 2.03753315886 6.35457142625e-08 0.115145792792 182.036926006 0.0 111.443386782
733961.500012 2.52514497262e-07 1.9709315472 5.16355409775e-08 0.129312506713 124.551062396 0.0 82.1248492201
733966.500012 4.1750840525e-07 1.9068408729 5.44486792984e-08 0.0820460069277 312.059616801 0.0 155.408494784
733971.500012 5.90596069078e-07 1.86411032941 5.81624273731e-08 0.0631738117325 611.076529307 0.0 227.781958337
733976.500012 3.388317197e-07 1.92241672939 5.3923688841e-08 0.0987589488675 223.989713973 0.0 112.174854914
733981.500012 3.5180588478e-07 1.89906114917 5.5711323082e-08 0.100195547398 238.308031001 0.0 115.817218599
733986.500012 2.83728075624e-07 1.87751177238 4.70827323605e-08 0.101135848293 221.235005427 0.0 106.232732617
733991.500012 5.03315086608e-07 1.9181395367 5.66104105378e-08 0.0738439010412 384.860546685 0.0 186.626299812
733996.500012 3.78540598899e-07 1.89421889204 5.53600331315e-08 0.0899809735256 301.925062684 0.0 132.016225585
734001.500012 4.01621363499e-07 2.12306874388 6.5390603866e-08 0.116378789421 146.333811081 0.0 120.116817558
734006.500012 3.85050474209e-07 2.06029512894 6.530881198e-08 0.11266186444 185.094784558 0.0 115.241937651
734011.500012 3.24808374099e-07 1.93571771229 5.73322586595e-08 0.107269080303 182.277384558 0.0 101.539321848
734016.500012 2.83819865694e-07 2.03914378431 5.71230872052e-08 0.132576805955 128.779623976 0.0 93.8832715409
734021.500012 3.20096738364e-07 2.11764260124 5.21179020058e-08 0.122922513962 146.033980051 0.0 111.455093241
734026.500012 2.47047566153e-07 1.94119777703 4.56017664869e-08 0.116942051528 138.35381881 0.0 87.2020058693
734031.500012 2.19342729312e-07 1.90575687744 4.70503432494e-08 0.130369558989 110.825248416 0.0 70.7353947391
734036.500012 2.67014531557e-07 1.81005721941 4.5216681902e-08 0.096140544013 214.530095164 0.0 101.246880008
734041.500012 1.71329036503e-07 1.82647676153 3.11477372838e-08 0.101343430942 173.341956724 0.0 100.624880253
734046.500012 2.06044357162e-07 1.88520953397 4.33053607379e-08 0.122367484456 117.867104754 0.0 74.558630175
734051.500012 3.24361482317e-07 1.9818107595 5.67257458516e-08 0.117702895924 158.476889892 0.0 106.911515541
734056.500012 3.4544998652e-07 2.17575695297 6.53384727291e-08 0.13636076535 134.301785595 0.0 99.0713211508
734061.500012 3.64078117526e-07 2.39323246256 7.20935080729e-08 0.175802299579 79.2196902883 0.0 92.9176143417
734066.500012 4.38757300911e-07 2.01473691853 5.99847520984e-08 0.094224830607 236.238254992 0.0 139.41451859
734071.500012 3.47498901365e-07 1.9780001735 5.46133737733e-08 0.103609820651 180.442295494 0.0 109.728993142
734076.500012 3.56205275473e-07 2.12192018893 5.62489418446e-08 0.119472887106 156.887089646 0.0 116.559022216
734081.500012 2.84781645143e-07 1.98894093443 5.1551339737e-08 0.120461635137 141.778326572 0.0 89.9019257567
734086.500012 3.45953253079e-07 1.9684236377 5.46381177928e-08 0.104263126326 172.467996864 0.0 105.430507155
734091.500012 3.42836243098e-07 2.043253204 5.26262934797e-08 0.107721788804 156.042443394 0.0 116.549910203
734096.500012 3.37969204315e-07 1.78604071267 4.55680820033e-08 0.0783199154291 341.539717466 0.0 131.499582255
734101.500012 3.43808675756e-07 2.03979384245 5.44747515026e-08 0.110930415762 170.461623027 0.0 110.803270392
734106.500012 3.67802698175e-07 1.94885581286 5.45640232239e-08 0.0949539630301 203.053546637 0.0 118.240606288
734111.500012 4.31392542493e-07 2.18381677911 6.55784256861e-08 0.112846842213 159.265394822 0.0 132.021863677
734116.500012 3.6130597194e-07 2.07673285115 6.28535940194e-08 0.117341198107 160.385709329 0.0 117.982191836
734121.500012 3.33012368512e-07 2.06995607654 5.35679677192e-08 0.109981211624 156.921951491 0.0 113.732584956
734126.500012 2.83456120931e-07 1.92370434854 4.59747889559e-08 0.101287784342 193.804953959 0.0 108.361774307
734131.500012 2.4630881387e-07 2.10483986926 4.77559202776e-08 0.134435926664 104.456412861 0.0 85.1977233124
734136.500012 3.45829048934e-07 2.25333380771 7.6017314447e-08 0.171592219702 74.0737554455 0.0 65.4704484856
734141.500012 2.62955934152e-07 2.08695136354 6.36428531453e-08 0.166659205355 81.0619974877 0.0 56.7217609322
734146.500012 2.65354449169e-07 2.10408889902 5.09384871293e-08 0.138176267062 113.511833104 0.0 90.1808581502
734151.500012 3.69006504191e-07 1.9578453142 5.18648275585e-08 0.0918137207497 259.565297109 0.0 136.725926164
734156.500012 4.32906270333e-07 2.08206434006 5.82876546938e-08 0.0982154467107 223.391352475 0.0 158.844545256
734161.500012 2.66571301161e-07 2.29666192486 5.56252728277e-08 0.170566859303 72.3412334843 0.0 88.5258781895
734166.500012 1.23176638517e-07 2.06168022063 4.76210994024e-08 0.227168966275 48.5827664293 0.0 43.5365535315
734171.500012 1.60810825963e-07 2.53397451854 5.38460118064e-08 0.302373209705 29.649428785 0.0 51.2068811001
734176.500012 2.03601194351e-07 2.17784770278 5.36121423826e-08 0.192591774559 64.527443594 0.0 70.5838717061
734181.500012 1.80793969464e-07 2.27561359189 4.95729952455e-08 0.20347136835 47.6649648776 0.0 59.398685354
734186.500012 1.45199000924e-07 2.13531394618 4.26671701588e-08 0.199975894722 49.3134433994 0.0 48.2661716817
734191.500012 7.95590182811e-08 1.7530481892 3.37540071539e-08 0.209472038327 41.6854379388 0.0 24.517994795
734196.500012 2.05942291604e-07 2.02792019492 4.492664167e-08 0.146800411886 90.2240554311 0.0 65.4326465903
734201.500012 1.26045809057e-07 1.83777550719 3.44460760315e-08 0.150370934528 83.6189342811 0.0 47.7695643367
734206.500012 2.15824723965e-07 2.27718510852 4.90339979643e-08 0.175570312472 63.0909496184 0.0 75.3549252666
734211.500012 1.72233419862e-07 2.0504002008 4.76825238622e-08 0.171156085962 72.4313052437 0.0 57.4992133037
734216.500012 3.0570498257e-07 2.12609103212 6.09769225872e-08 0.140396025761 133.325613269 0.0 90.5697610884
734221.500012 2.59563066775e-07 2.00032800535 6.05988060272e-08 0.147518604065 94.4433161415 0.0 63.330053659
734226.500012 1.99111483206e-07 2.12520649426 5.4392566184e-08 0.181774215623 66.4206681998 0.0 58.8025927253
734231.500012 2.06376553078e-07 2.16131746003 4.78152465317e-08 0.167559324317 58.3209355531 0.0 66.1072658571
734236.500012 1.50994263406e-07 1.92736917369 3.87121589866e-08 0.152874391412 75.0130766891 0.0 53.5573236128
734241.500012 2.22123031501e-07 2.46767123126 4.52078382265e-08 0.189095194687 73.1440303 0.0 103.196924494
734246.500012 3.10165117816e-07 2.15192942249 5.00957981365e-08 0.122519302981 157.726341495 0.0 115.747353793
734251.500012 1.85083988797e-07 2.2291976195 5.20213618424e-08 0.221734443272 41.6222388805 0.0 60.8717406971
734256.500012 3.45632589272e-07 2.20679882244 5.33542998939e-08 0.122918903734 160.781476048 0.0 124.260089804
734261.500012 3.01837719574e-07 2.41849848608 5.7422949629e-08 0.172305683229 72.2278753621 0.0 91.1223878434
734266.500012 2.70004712412e-07 2.13090865883 5.55329318339e-08 0.145200783588 81.2672827283 0.0 81.8306805849
734271.500012 3.19713226082e-07 2.14520608142 6.97442887497e-08 0.152338954452 107.729875531 0.0 93.9395608711
734276.500012 3.22300601943e-07 2.25703832193 6.52109509769e-08 0.15792947646 72.5286411912 0.0 92.9310201256
734281.500012 1.95119901502e-07 2.21100949485 5.35770420767e-08 0.185958143778 51.5780722979 0.0 61.0665968891
734286.500012 2.68537424548e-07 2.0881149047 4.88048151857e-08 0.126085625072 108.228352633 0.0 95.4464206438
734291.500012 5.07825067304e-07 2.169818468 6.31095411689e-08 0.0994639785457 252.492490323 0.0 168.241341218
734296.500012 2.30754869732e-07 2.18681529882 5.40975398792e-08 0.174121636211 72.1523814073 0.0 67.8541583774
734301.500012 1.47298571638e-07 1.91992628537 4.04133969463e-08 0.165506019904 70.5770786007 0.0 45.7159902762
734306.500012 2.24068692787e-07 2.1315198965 4.7894076682e-08 0.149414802833 74.0090021081 0.0 73.5560449612
734311.500012 1.64733470724e-07 2.23147962541 4.34902141076e-08 0.191283695429 46.6085399366 0.0 58.0366575376
734316.500012 2.3427606259e-07 1.90510578496 4.58151401987e-08 0.116416636579 157.132269798 0.0 87.2452763943
734321.500012 3.51351497403e-07 2.21396619263 5.80815784423e-08 0.12671738449 129.116524811 0.0 116.398178036
734326.500012 2.19665853764e-07 2.05635119458 4.95074144056e-08 0.146745556844 105.112545213 0.0 76.1274981443
734331.500012 2.21260756575e-07 1.93698113066 4.45149588439e-08 0.120400918857 123.789942561 0.0 85.409925969
734336.500012 1.90735208368e-07 2.30629028555 4.91909981254e-08 0.211747022552 44.067236389 0.0 65.9716696732
734341.500012 2.00539224439e-07 2.32553498666 4.66265893047e-08 0.207589134127 49.6596107499 0.0 68.9343226465
734346.500012 2.17191106727e-07 2.19906300777 4.85415372885e-08 0.169574490708 59.8085102641 0.0 69.6233657792
734351.500012 2.46890097334e-07 2.21752122403 5.48774173926e-08 0.166512197284 77.6566695795 0.0 69.5211136469
734356.500012 2.81250052533e-07 2.21950049332 5.49340773475e-08 0.149556396585 90.246490826 0.0 84.8384898018
734361.500012 2.19860923328e-07 2.05842867503 4.51455635762e-08 0.137370286099 103.229095497 0.0 78.4548841722
734366.500012 1.62552454964e-07 1.87461381395 3.91445009631e-08 0.136368598459 90.0266303011 0.0 63.6279714526
734371.500012 3.27576272244e-07 2.16652036653 5.33013488686e-08 0.120084762945 120.620849376 0.0 112.353739609
734376.500012 3.54500700152e-07 2.17972676359 6.24464049184e-08 0.130715112886 147.277550792 0.0 119.118511194
734381.500012 5.13219118489e-07 2.32798163038 7.7291776677e-08 0.12168491517 144.251367732 0.0 141.972750423
734386.500012 4.04349745776e-07 2.27698787461 6.55195484227e-08 0.134004431598 107.588791548 0.0 111.215089374
734391.500012 2.22238176468e-07 2.03426252453 7.20369649519e-08 0.147030226651 96.5751906149 0.0 66.9304939084
734396.500012 2.58544648958e-07 1.9927605383 4.87205339403e-08 0.121078912633 149.800097531 0.0 89.3360232994
734401.500012 3.72682325429e-07 2.18377452692 6.00204717707e-08 0.129297947768 150.728317184 0.0 109.834755432
734406.500012 4.13479022941e-07 2.17034576468 6.77630302423e-08 0.131993292155 155.248322627 0.0 106.866789762
734411.500012 3.65617378668e-07 1.96854071335 5.56667456558e-08 0.102712211596 234.835219264 0.0 114.865157811
734416.500012 3.5116774124e-07 2.02668021692 5.82166150084e-08 0.111898678991 196.179349898 0.0 118.501963142
734421.500012 1.74329922494e-07 1.92479328709 4.04860751179e-08 0.139109712717 75.3249074499 0.0 60.0659165468
734426.500012 2.94657411954e-07 2.05226780001 5.62663261909e-08 0.127489453848 114.770539916 0.0 87.425460006
734431.500012 2.41152550391e-07 2.16075802287 5.88502031542e-08 0.166611822056 73.8899805596 0.0 63.9901868502
734436.500012 2.55410869005e-07 1.99411384624 5.62402858738e-08 0.13590442374 120.639734249 0.0 78.8130150942
734441.500012 2.92977265763e-07 2.29508360262 5.83829838821e-08 0.171655063816 76.9449350956 0.0 87.716039355
734446.500012 1.93878951242e-07 1.97923393041 4.50158326694e-08 0.144996886243 116.054736521 0.0 70.5375009082
734451.500012 2.07195856589e-07 2.14767864362 7.82969717409e-08 0.153698629601 64.2125428921 0.0 72.3871136282
734456.500012 3.09154209796e-07 2.19871160079 5.5356304268e-08 0.137752622763 114.910824796 0.0 97.4894800114
734461.500012 2.08246023653e-07 2.04201271791 4.7832680567e-08 0.154593298045 77.8601250942 0.0 65.7345071802
734466.500012 1.77266496364e-07 1.92725501559 4.02290415468e-08 0.135735371267 84.1423359785 0.0 63.9805207781
734471.500012 2.49336499084e-07 2.02634186044 4.49588338995e-08 0.124612546701 118.504936926 0.0 88.8268547062
734476.500012 3.53018250937e-07 2.04543989021 5.46593644953e-08 0.108444642622 176.898278231 0.0 116.507714591
734481.500012 3.05136843675e-07 2.06326956156 5.9185704105e-08 0.129903390712 134.192078327 0.0 93.7588659773
734486.500012 2.7181813272e-07 2.17150720466 5.93604246236e-08 0.158280987133 77.5526261793 0.0 76.7397962309
734491.500012 3.20445293302e-07 2.02398741119 5.61884921956e-08 0.114997168524 170.418300599 0.0 99.0830720438
734496.500012 3.27194625865e-07 2.18176341034 5.51795646219e-08 0.128454142263 120.814356726 0.0 103.786155538
734501.500012 2.23692027445e-07 2.06914266197 6.8380525311e-08 0.136320703808 116.967965266 0.0 78.6073039162
734506.500012 1.65966640203e-07 2.05088796328 4.04770997282e-08 0.160734809382 63.8767244885 0.0 58.6717588307
734511.500012 3.572595556e-07 2.27562424796 5.99210980591e-08 0.145399444393 124.47772751 0.0 105.820001462
734516.500012 2.01939514144e-07 2.15035297992 4.82165048765e-08 0.18640337196 79.2012253558 0.0 64.3602903496
734521.500012 3.00758769416e-07 1.96378601165 4.89350870513e-08 0.105679455633 193.008708445 0.0 112.204979693
734526.500012 2.47911639925e-07 1.91374393572 4.73904560718e-08 0.115488271563 178.478573282 0.0 90.5716838783
734531.500012 3.31021292676e-07 2.12081380408 5.9178235537e-08 0.130799237396 143.166629739 0.0 102.703545372
734536.500012 2.85949832879e-07 2.19636810337 6.10119372795e-08 0.149428302198 95.5390569883 0.0 83.111650903
734541.500012 3.3039258094e-07 1.96349049219 6.01158427339e-08 0.113184115044 181.531817882 0.0 102.835765026
734546.500012 4.27503430313e-07 2.1201180225 6.47416282632e-08 0.109744058601 191.750184845 0.0 128.657866619
734551.500012 2.57379264021e-07 2.14426064467 5.26979077079e-08 0.149134422174 106.776513887 0.0 85.1748847289
734556.500012 2.22182577785e-07 1.87830034727 4.50437158457e-08 0.119899752526 160.216151074 0.0 81.3009416212
734561.500012 3.21702944323e-07 2.27002630764 5.30526449888e-08 0.141301433992 107.803450742 0.0 102.123549026
734566.500012 2.42338719432e-07 2.04956817367 7.38615344029e-08 0.131894755313 110.695700042 0.0 73.8770498262
734571.500012 1.59798945752e-07 2.24771345011 3.94670035984e-08 0.180715410052 52.4140923123 0.0 74.1583269756
734576.500012 2.34573889035e-07 2.01960366393 4.54963329945e-08 0.129549639703 132.489077083 0.0 85.8694361577
734581.500012 1.81334171865e-07 2.37367203394 5.05789987147e-08 0.237357617104 35.3461151944 0.0 56.9514822289
734586.500012 2.98147429618e-07 2.43265748207 6.23197341877e-08 0.195293007235 70.932131562 0.0 85.3748927548
734591.500012 2.36089625776e-07 1.9733096524 5.42686826585e-08 0.136719648065 108.262112377 0.0 74.4306143948
734596.500012 3.32923336456e-07 2.18872999784 6.21010173394e-08 0.139705635392 100.32332947 0.0 94.9856638451
734601.500012 2.84188114437e-07 2.21027940609 5.64485212753e-08 0.149137330549 103.507444643 0.0 87.0528295133
734606.500012 1.97472576403e-07 2.05007966031 4.12214456841e-08 0.140794187242 82.7177628489 0.0 70.3058371984
734611.500012 3.37895776862e-07 2.055900971 5.4509355307e-08 0.11470328794 180.172266091 0.0 107.370318219
734616.500012 2.23838236808e-07 2.13777566733 4.91349782745e-08 0.161939719256 82.9748198052 0.0 71.3042584593
734621.500012 2.00875742259e-07 1.97827761296 4.72763692591e-08 0.159606241599 87.9101547919 0.0 65.5807647102
734626.500012 2.84706231888e-07 2.29092912229 5.5225923219e-08 0.162989838679 86.956306358 0.0 93.4197020964
734631.500012 2.92115752008e-07 2.02414030002 5.08748952521e-08 0.118419728522 157.997728258 0.0 103.659166975
734636.500012 4.15949142377e-07 2.20085478027 6.28377275778e-08 0.121051549472 166.452566379 0.0 125.933164664
734641.500012 3.75231439758e-07 2.43345267885 6.87121172721e-08 0.173139448077 84.2012978235 0.0 97.302221043
734646.500012 3.38085847822e-07 2.20260814059 6.6738250846e-08 0.1456015767 94.9493194779 0.0 96.6591710778
734651.500012 2.91185277581e-07 2.26920001464 6.16439603162e-08 0.167004387251 74.1337365352 0.0 85.7217466475
734656.500012 3.62709889872e-07 2.0168955639 5.65065607424e-08 0.103294008407 181.391472649 0.0 123.851042152
734661.500012 2.87166816178e-07 2.10311824213 5.17498650615e-08 0.129236589081 126.604447554 0.0 100.369984198
734666.500012 2.12029934747e-07 2.06235312305 4.62621930771e-08 0.14863633501 76.6645561464 0.0 69.676807767
734671.500012 3.64092688824e-07 2.16924815643 5.81773926927e-08 0.121909649133 151.712831063 0.0 104.106095922
734676.500012 3.81845234685e-07 2.17354700204 5.9603051672e-08 0.121816101256 147.986027511 0.0 111.948714611
734681.500012 3.78147666491e-07 2.04896623092 5.52529244636e-08 0.104537978835 203.17210791 0.0 124.02175489
734686.500012 3.869308041e-07 2.15831842562 5.79761627484e-08 0.113077704695 183.666020813 0.0 129.828041739
734691.500012 2.82593109021e-07 2.20571130145 3.77194068244e-08 0.105375332128 189.997454387 0.0 168.950077705
734696.500012 2.62788072172e-07 2.15622032435 5.24818329109e-08 0.144913858051 97.0006306676 0.0 85.8989592705
734701.500012 3.26655662288e-07 2.50265162723 6.2949093847e-08 0.187344254163 69.2776238108 0.0 100.901843201
734706.500012 2.33993958563e-07 2.2481110859 5.18160652236e-08 0.167696122486 60.1321577427 0.0 80.5319908779
734711.500012 1.98017470699e-07 2.07680410129 4.17699897849e-08 0.143489899585 87.8828539157 0.0 74.2566643321
734716.500012 2.69142036426e-07 1.99366872754 6.5265834795e-08 0.113265964438 172.486365118 0.0 101.428952203
734721.500012 3.29839954735e-07 2.00094633415 5.28879484238e-08 0.108723048598 198.347243523 0.0 110.01397442
734726.500012 3.34111826431e-07 2.08733181959 5.934256433e-08 0.127708941581 145.193089186 0.0 93.4917510418
734731.500012 3.01649881948e-07 1.9669480019 5.01783553722e-08 0.11435907527 175.948401148 0.0 97.4360456954
734736.500012 4.32263176598e-07 2.32896023263 5.90990645759e-08 0.121291849631 168.607998525 0.0 143.707005537
734741.500012 1.95159869453e-07 1.99530872345 4.42511375101e-08 0.146152494186 85.7908673038 0.0 72.7929807072
734746.500012 3.05898229406e-07 2.16746540961 5.39863839447e-08 0.128182910009 127.441471977 0.0 106.952066097
734751.500012 3.41817467337e-07 2.18576757823 5.96650195716e-08 0.133430646243 123.408669108 0.0 116.935494747
734756.500012 4.61960432885e-07 2.34399647797 7.24789524449e-08 0.130148637563 150.572317596 0.0 145.228165117
734761.500012 3.47506425236e-07 2.05941117688 5.61671874372e-08 0.111493345278 173.463990668 0.0 116.601290851
734766.500012 3.87997667545e-07 2.16363506834 5.82792458437e-08 0.116258731229 174.083760573 0.0 126.088485928
734771.500012 2.93710303661e-07 2.01469412951 3.36124438476e-08 0.0790559008491 329.465681399 0.0 218.99348945
734776.500012 2.81583251823e-07 2.04490716785 3.6648044019e-08 0.0921722247075 236.609690184 0.0 165.283735586
734781.500012 2.31496370457e-07 2.42779191081 5.66118750791e-08 0.218914082923 52.0756336554 0.0 63.6191721736
734786.500012 1.90402544411e-07 2.17075205968 5.05339514077e-08 0.182624255603 62.2180325155 0.0 61.9410700274
734791.500012 3.11964452559e-07 2.30168330211 5.51993567859e-08 0.154712185122 92.9926400147 0.0 102.090843357
734796.500012 3.12294315128e-07 2.05085091784 5.40716298273e-08 0.120986442203 132.3545808 0.0 99.5451988079
734801.500012 2.62005984311e-07 2.24839778516 6.14086263336e-08 0.172219176279 65.666697225 0.0 73.2676559213
734806.500012 2.71432282446e-07 2.25705158187 6.51630543355e-08 0.176391850585 50.3225148134 0.0 73.1587493756
734811.500012 2.80921274368e-07 2.05409097909 5.84233728062e-08 0.137412228374 114.882787139 0.0 87.9485148625
734816.500012 2.58030465844e-07 2.31126674074 5.90006907377e-08 0.182792626824 71.7616293707 0.0 80.1045435683
734821.500012 2.98844904446e-07 2.25413735675 5.36304728409e-08 0.149201598288 104.43683243 0.0 95.9771394959
734826.500012 3.3866102724e-07 2.31321387983 5.50168186458e-08 0.146701541895 113.903415104 0.0 111.266945715
734831.500012 2.56518609056e-07 2.03712323424 4.85434425144e-08 0.131364968444 108.25379762 0.0 84.3071864094
734836.500012 2.68958136817e-07 2.30161975634 5.57385155068e-08 0.175371475913 75.6205396503 0.0 79.3693316985
734841.500012 4.28571700305e-07 2.37171360326 6.11385096741e-08 0.129631883925 159.91913751 0.0 146.066208603
734846.500012 3.79668384078e-07 2.28568180581 6.16365660489e-08 0.138883270442 128.334700342 0.0 124.255972443
734851.500012 3.75027329909e-07 2.14308699379 6.35663522347e-08 0.121301521976 148.243112505 0.0 112.649044313
734856.500012 4.03509698572e-07 2.34270264103 7.82858119542e-08 0.172277316865 80.3330138166 0.0 91.7685206668
734861.500012 3.85643071057e-07 2.04879041815 6.27635903874e-08 0.109349757277 191.440807176 0.0 118.404885298
734866.500012 3.95903693399e-07 2.42822016979 6.85737142127e-08 0.160063957367 103.070147453 0.0 109.912722094
734871.500012 3.54514814236e-07 2.16324377 6.05755634349e-08 0.12789123745 139.990501417 0.0 112.282637593
734876.500012 3.89942995703e-07 2.04596887618 5.50486104187e-08 0.099763096918 230.02151082 0.0 136.707661605
734881.500012 3.59749928733e-07 2.04651471519 5.63928432906e-08 0.112926802042 207.993648087 0.0 122.444729378
734886.500012 3.80279359638e-07 2.24224085368 6.08111134658e-08 0.133244922816 152.865428379 0.0 116.559758701
734891.500012 3.90093198662e-07 2.2108045181 5.96544194945e-08 0.124479409715 167.039201254 0.0 126.264473188
734896.500012 4.20468741045e-07 2.12037023419 5.6047994151e-08 0.103150649097 222.208434579 0.0 151.086212403
734901.500012 4.06956371873e-07 2.24522233128 6.27215135967e-08 0.130344362111 154.920418667 0.0 125.605714829
734906.500012 4.8675500045e-07 2.25569393316 7.09741168906e-08 0.119859434143 152.777303776 0.0 135.121583559
734911.500012 3.76870462556e-07 2.17270833326 6.8337916063e-08 0.13092874737 121.56158973 0.0 107.106693787
734916.500012 4.71622233555e-07 2.44598513011 8.07903602039e-08 0.159371099528 104.787864167 0.0 128.312159586
734921.500012 4.72587420712e-07 2.24155702514 7.04258470034e-08 0.119473515695 185.220349663 0.0 138.982969555
734926.500012 4.62021904647e-07 2.06182986944 5.95854963379e-08 0.0912000157968 297.402212816 0.0 165.187213611
734931.500012 4.23573029297e-07 2.16183746432 5.00613471778e-08 0.09139555875 290.782322453 0.0 195.759908374
734936.500012 5.01954272887e-07 1.9497637605 5.23910617937e-08 0.0694267270129 482.818535314 0.0 218.855484302
734941.500012 5.59798628594e-07 2.0518709532 6.29220443978e-08 0.0841114070511 368.593475034 0.0 184.827620223
734946.500012 4.34690393473e-07 2.15931556812 5.69440724205e-08 0.104148768044 235.068444754 0.0 157.621537919
734951.500012 2.23885605036e-07 1.90840766058 4.51437833413e-08 0.122023210718 145.605686774 0.0 81.5889013757
734956.500012 2.93169314917e-07 1.95283231795 5.23941028602e-08 0.113402852254 146.071543834 0.0 92.9707816448
734961.500012 1.9281250647e-07 1.88844048018 4.48523547768e-08 0.133618933893 110.415851634 0.0 62.3271581684
734966.500012 3.98652924343e-07 1.98589698951 6.20806013823e-08 0.101184509785 252.991411957 0.0 125.348675924
734971.500012 2.195085846e-07 1.84754287229 4.09119288974e-08 0.106212811297 165.977102933 0.0 88.0310264532
734976.500012 2.85551409938e-07 2.08437800849 5.39225794394e-08 0.131920766459 120.572606443 0.0 89.1180252764
734981.500012 2.32446265674e-07 2.00918411951 4.51831995481e-08 0.128485349222 120.604493971 0.0 82.6873265717
734986.500012 1.10949514969e-07 1.91160660812 3.64456153064e-08 0.19181091586 51.1261733645 0.0 36.9064317841
734991.500012 1.70171235794e-07 2.05695712221 4.60791509512e-08 0.172677165306 62.5490277163 0.0 54.3330573755
734996.500012 2.55248982508e-07 1.96961519174 4.66585238982e-08 0.117754271778 128.585428898 0.0 85.7596025708
735001.500012 2.30960640016e-07 2.06230438834 3.91466027654e-08 0.117606352994 123.965224819 0.0 114.144855216
735006.500012 2.49323357162e-07 2.00902590404 3.76877117535e-08 0.0988017047089 198.489729347 0.0 145.867611055
735011.500012 4.71419583447e-07 2.06690846319 7.06421664665e-08 0.104850779991 237.836130854 0.0 134.417542103
735016.500012 5.0290565807e-07 2.2342092665 7.44989103423e-08 0.116396334744 192.192522232 0.0 142.420489603
735021.500012 4.00739564268e-07 2.22296909296 6.84366850398e-08 0.133337392586 125.544426017 0.0 114.180126149
735026.500012 4.94147559362e-07 2.12315199608 6.57883167694e-08 0.0997297312332 236.718188483 0.0 146.039520509
735031.500012 3.36413689602e-07 1.95201358718 5.10851593612e-08 0.0998732810356 213.365742937 0.0 122.292845877
735036.500012 3.99840090926e-07 2.04292846641 5.38459536846e-08 0.0950917210877 247.317678934 0.0 143.181938498
735041.500012 4.01639289551e-07 2.1083868687 5.78772509609e-08 0.103937452366 199.7918788 0.0 134.418989739
735046.500012 4.54016725884e-07 2.174451879 6.2629777978e-08 0.109048313954 205.961572724 0.0 138.492148195
735051.500012 2.88234206576e-07 1.97942373006 5.26316743702e-08 0.117068937645 162.758646625 0.0 92.1148305216
735056.500012 4.64083709034e-07 2.11173673033 6.06887417706e-08 0.0981429959523 258.034071421 0.0 158.478773035
735061.500012 4.60534333419e-07 2.20648466315 6.50101257146e-08 0.11313131123 184.60797756 0.0 150.000205015
735066.500012 4.85242768554e-07 2.160918339 6.56788282731e-08 0.104082756548 215.855329041 0.0 161.045155767
735071.500012 5.42251132113e-07 2.06048295386 6.50019995252e-08 0.084846214239 330.793191678 0.0 194.879489308
735076.500012 5.91806145975e-07 2.224194161 6.6636902103e-08 0.0938458746628 279.97584555 0.0 200.996875134
735081.500012 5.41127426502e-07 2.08263033971 6.04537854835e-08 0.0829942330908 328.401834278 0.0 195.036832923
735086.500012 5.24900790182e-07 1.99868915107 6.30057295422e-08 0.0828899599845 312.464848898 0.0 175.968649831
735091.500012 5.68175446924e-07 2.0471375388 6.36391976509e-08 0.081148360424 379.797082471 0.0 192.297436548
735096.500012 5.92667135128e-07 2.07797600356 7.63458352436e-08 0.0997972959935 249.781659004 0.0 139.17318502
735101.500012 6.71774297363e-07 2.02027794337 8.2896567075e-08 0.0916231956063 298.774172489 0.0 136.767940806
735106.500012 3.99161196419e-07 1.89357631811 5.54561164326e-08 0.0890499325103 252.716282845 0.0 121.228334767
735111.500012 4.45826302417e-07 1.99796506718 6.66838468507e-08 0.107166547025 216.361381849 0.0 118.3308328
735116.500012 6.41670945076e-07 2.06937407396 7.52705517815e-08 0.0851429685001 396.335002991 0.0 195.852217101
735121.500012 6.16952984653e-07 2.19344596824 7.03597199726e-08 0.0901214122051 305.521438974 0.0 195.435844581
735126.500012 5.53060638435e-07 2.13798422871 7.06010952384e-08 0.0942946233405 266.649482014 0.0 178.569609812
735131.500012 5.73521322053e-07 2.02843760831 6.57352179299e-08 0.0795844322451 333.619317933 0.0 196.481819312
735136.500012 5.73791409969e-07 1.97852928707 6.41837737901e-08 0.0768588468089 412.228879145 0.0 190.228253019
735141.500012 4.3260031166e-07 1.89364833193 5.38750922227e-08 0.0783494607586 349.913680891 0.0 155.83278932
735146.500012 4.73712028498e-07 2.03958541822 6.00471338754e-08 0.0916397731995 279.776761511 0.0 152.017288893
735151.500012 4.98877629639e-07 2.14116002544 6.54846092411e-08 0.103363314898 237.899980688 0.0 145.261347335
735156.500012 6.30805177965e-07 2.04584822812 6.62974544921e-08 0.0789570752453 426.421773597 0.0 199.521855533
735161.500012 4.28380909663e-07 1.96572192681 4.20021728708e-08 0.0662445741373 557.049855791 0.0 263.751204547
735166.500012 4.71736851904e-07 2.24406110316 8.39702158664e-08 0.148930494071 101.261215211 0.0 85.7879089586
735171.500012 6.45436205879e-07 2.3513360063 9.76529033867e-08 0.137287495306 157.164471002 0.0 115.094019593
735176.500012 6.8425175288e-07 2.16282722464 7.8508891061e-08 0.0873764804361 337.191614206 0.0 199.420323424
735181.500012 6.04631024309e-07 2.14417469986 7.79902531948e-08 0.0951248575461 271.704227083 0.0 166.078635486
735186.500012 5.44278659764e-07 1.982093126 6.55146852344e-08 0.0814667663713 386.772352488 0.0 179.730800611
735191.500012 3.67950809155e-07 2.00328811564 5.4453930296e-08 0.100727257234 236.577136046 0.0 128.237318118
735196.500012 3.38393532929e-07 2.11739449994 5.29359009895e-08 0.114120324904 161.279870235 0.0 120.26443734
735201.500012 2.84653324115e-07 1.98475295858 4.950940314e-08 0.113443843919 144.429499842 0.0 97.0374074421
735206.500012 4.3017077214e-07 2.07438701037 6.60482174505e-08 0.114601355628 177.867129473 0.0 99.8245078223
735211.500012 2.78102993906e-07 1.88473544962 1.04526100119e-07 0.232059929727 37.5748343756 0.0 19.7134095826
735216.500012 3.58516832202e-07 2.03576216028 8.65613672522e-08 0.166016458342 67.0415624713 0.0 45.6135174892
735221.500012 5.17811860172e-07 2.11189689373 8.46650784996e-08 0.124643902906 176.761831746 0.0 99.8086679331
735226.500012 3.2987047293e-07 1.98467829576 6.18455907752e-08 0.120797370287 123.335425041 0.0 88.774961254
735231.500012 5.66933047325e-07 2.20335047032 7.98584265768e-08 0.110635366655 207.243883827 0.0 139.253703245
735236.500012 7.56459467904e-07 2.14237124887 8.57395383239e-08 0.0880751340495 330.191778081 0.0 190.426110711
735241.500012 7.60457596792e-07 2.14025824205 7.93898496964e-08 0.0849672102052 407.398974027 0.0 195.428727291
735246.500012 6.79093493253e-07 1.98929490326 7.32515700274e-08 0.0772029404412 410.468558583 0.0 182.500472315
735251.500012 8.86112789568e-07 2.16655573671 9.11684890289e-08 0.0858717504145 421.183958545 0.0 194.790207894
735256.500012 4.38112455197e-07 1.96051856382 5.37964259665e-08 0.0815028609494 325.639419447 0.0 168.370508382
735261.500012 5.39541590064e-07 2.01894297485 4.40621732804e-08 0.0583656175945 736.534690631 0.0 356.279124752
735266.500012 5.55760556811e-07 2.1049055842 4.29753426642e-08 0.0602261658593 720.022667108 0.0 395.073041391
735271.500012 5.08148120812e-07 2.01665324535 6.1201976613e-08 0.0847117544621 332.26087836 0.0 167.488666788
735276.500012 4.62308610105e-07 1.9986832998 6.45846007041e-08 0.0973993239914 246.276998372 0.0 133.952091257
735281.500012 5.86315017461e-07 2.06711030308 7.86565761688e-08 0.0939336230092 277.711181176 0.0 159.783991479
735286.500012 6.76644952534e-07 2.114862637 8.06405655274e-08 0.0885944264071 302.604871448 0.0 177.607236524
735291.500012 7.2591896152e-07 2.22533995304 1.30692625355e-07 0.1454523126 106.735938296 0.0 80.0097560781
735296.500012 4.00596454844e-07 2.06802463345 6.42468098807e-08 0.113959034157 170.495347067 0.0 112.126212556
735301.500012 5.48605070282e-07 2.1650594558 7.01800190924e-08 0.105275719764 215.652845554 0.0 144.110343644
735306.500012 4.72489923191e-07 2.13743943505 5.99497286698e-08 0.0946704263113 277.636628332 0.0 163.102103525
735311.500012 2.47427159462e-07 1.99731316507 6.08829297817e-08 0.168733816639 84.2117334949 0.0 53.6799618095
735316.500012 4.10556594917e-07 2.28068615655 6.22108624392e-08 0.132402690249 154.499957146 0.0 112.37710551
735321.500012 2.37462331794e-07 2.01455364332 4.84294951303e-08 0.136830864142 97.3073403214 0.0 73.7232043205
735326.500012 2.06738532782e-07 2.07111003317 5.31779675433e-08 0.172702214274 62.7448887236 0.0 50.1811815888
735331.500012 3.06984777699e-07 2.5118702912 6.2312203299e-08 0.204820483388 69.3869803349 0.0 76.8847320446
735336.500012 4.07608583274e-07 2.01748478449 6.88866238154e-08 0.109629672971 197.399342205 0.0 111.968355782
735341.500012 3.62492103908e-07 2.15002537635 6.76531172931e-08 0.135499719405 115.132978253 0.0 94.0020305042
735346.500012 4.65915776507e-07 1.96275060918 6.56924116686e-08 0.0921987739196 263.800752136 0.0 133.894948302
735351.500012 3.44811224194e-07 2.06270922137 5.4039700373e-08 0.112236064895 179.04254817 0.0 115.525092676
735356.500012 2.74407156839e-07 2.07136017037 4.99378889395e-08 0.12686525728 130.154295809 0.0 91.4002230113
735361.500012 4.55830245124e-07 2.05857378913 6.16891825174e-08 0.100765694791 267.31921231 0.0 132.67870344
735366.500012 3.2704254304e-07 2.088986001 5.44279447809e-08 0.121709727653 134.077532994 0.0 96.4037307825
735371.500012 3.13289306608e-07 1.94820827939 4.87882644714e-08 0.0995138674838 203.130534536 0.0 114.455502739
735376.500012 3.85977010351e-07 2.19757191396 5.77682164988e-08 0.117364092793 182.56139598 0.0 130.527845495
735381.500012 4.34408267467e-07 2.07021993048 6.17706085312e-08 0.102105670857 224.868963583 0.0 135.394902904
735386.500012 5.24931391497e-07 2.17604454571 6.87653631613e-08 0.100044361694 233.852311439 0.0 157.155640901
735391.500012 3.79836572822e-07 2.0625131629 6.22910109274e-08 0.11151082528 155.344953257 0.0 114.370631022
735396.500012 4.29460288616e-07 2.12927187048 6.42558368518e-08 0.110408257341 175.632005695 0.0 125.542077536
735401.500012 4.86859978749e-07 2.15125397731 6.1562479791e-08 0.0993955049309 253.531957506 0.0 159.234766693
735406.500012 3.26567696354e-07 2.11128007414 5.43730917733e-08 0.118856726308 173.945330216 0.0 117.784021544
735411.500012 3.3915103007e-07 2.17690984854 5.57669922562e-08 0.129641152764 131.363169337 0.0 101.091188977
735416.500012 3.11730536828e-07 1.93094552394 5.45109478972e-08 0.110570694908 181.505358163 0.0 96.9744625096
735421.500012 4.93202349234e-07 2.17879204576 6.39482326354e-08 0.107617216115 213.229762253 0.0 149.203879842
735426.500012 4.24376882155e-07 1.94969201878 5.57038218525e-08 0.0878570136029 291.941112258 0.0 143.983101602
735431.500012 2.77620796262e-07 2.22130421936 5.21119439503e-08 0.152828949829 97.4793148506 0.0 80.9738187255
735436.500012 2.64825257507e-07 2.21842754394 4.88031014188e-08 0.145169535654 108.773521647 0.0 105.410783597
735441.500012 3.14205527439e-07 2.08173299437 4.6006652106e-08 0.104363913726 189.714374417 0.0 147.840448148
735446.500012 4.12885708969e-07 2.26595008017 7.20340455344e-08 0.139069817949 112.516406161 0.0 102.472147624
735451.500012 2.99816922379e-07 2.16805509258 6.24956285325e-08 0.152309866331 95.6027804938 0.0 76.9884805939
735456.500012 3.64464224256e-07 2.00495121956 5.96345590438e-08 0.112116260334 180.617775111 0.0 99.6337794916
735461.500012 1.45616963418e-07 1.76546161115 4.41844856608e-08 0.160181543566 79.6006024594 0.0 41.1226108407
735466.500012 2.52585767003e-07 2.06519250241 4.06311269691e-08 0.107481998625 159.840736556 0.0 120.036533569
735471.500012 2.93662519449e-07 2.000674718 6.42822874493e-08 0.147299882981 99.269416413 0.0 65.6112545185
735476.500012 3.18668617968e-07 2.10847696833 5.64512433362e-08 0.133514728973 121.079255797 0.0 94.5865423212
735481.500012 3.4676431298e-07 2.15564722185 5.47896701817e-08 0.125272470824 145.121016943 0.0 107.38925755
735486.500012 4.01618705742e-07 2.07810771425 6.02856727875e-08 0.109793143084 178.078392185 0.0 119.355438327
735491.500012 4.42729580343e-07 2.12119780998 6.74326132348e-08 0.110118645296 200.468753053 0.0 122.667685786
735496.500012 4.00830420326e-07 2.10192617593 6.99609886148e-08 0.122444812284 177.647215563 0.0 106.967161285
735501.500012 3.68580742933e-07 2.25249331054 6.75816945287e-08 0.146396741144 114.248027987 0.0 91.0476311381
735506.500012 3.43124571558e-07 2.03020190401 6.26248940735e-08 0.1237245313 133.373061266 0.0 91.2179050073
735511.500012 3.43918688014e-07 2.14502633364 5.78755478135e-08 0.128856684332 118.631523215 0.0 90.4857263265
735516.500012 4.14418649796e-07 2.0884768466 6.65825048579e-08 0.121718657449 148.186302781 0.0 95.1285570476
735521.500012 2.12956731469e-07 2.1504675304 6.34538811777e-08 0.223611669237 36.4313012096 0.0 38.8686099186
735526.500012 3.01650677638e-07 2.0840756707 5.94200165248e-08 0.144047244519 111.114435205 0.0 74.1046930423
735531.500012 3.13653034202e-07 2.06401932484 5.45267513885e-08 0.127667804193 143.446833411 0.0 93.7840140597
735536.500012 5.85994124236e-07 2.17905089321 6.59154704617e-08 0.0915235920841 310.950252064 0.0 189.452671294
735541.500012 4.73110452214e-07 2.05322283533 6.68859533311e-08 0.101728711047 221.699509981 0.0 133.791959069
735546.500012 4.76551036181e-07 1.994709829 6.72138470265e-08 0.0931118989962 253.166129691 0.0 134.911146363
735551.500012 5.09929056772e-07 2.20739906443 7.87630109675e-08 0.117586497011 165.944664849 0.0 130.076660705
735556.500012 9.54535507844e-07 2.13160989064 9.13598283364e-08 0.0737580904714 482.461807828 0.0 247.018724447
735561.500012 6.62106553687e-07 2.03695417216 7.55464988742e-08 0.084224836596 374.128472471 0.0 176.348540292
735566.500012 7.73972897825e-07 2.09494423966 7.94189153802e-08 0.0797809018639 422.437197883 0.0 197.70826966
735571.500012 4.31626407342e-07 1.99162608283 5.90989343811e-08 0.0945267175677 256.83236427 0.0 133.770376225
735576.500012 4.1320397747e-07 2.04519695561 5.8598537713e-08 0.101175384317 219.450874469 0.0 132.127141562
735581.500012 4.6756986336e-07 2.08477805803 5.97893719951e-08 0.0943914834051 266.304906157 0.0 159.471740013
735586.500012 4.78886837846e-07 2.07634591879 5.91131903378e-08 0.0897214349991 328.021149103 0.0 175.428234653
735591.500012 4.63507482803e-07 1.92146384441 5.59727487976e-08 0.0784883481082 379.590370591 0.0 168.969211073
735596.500012 6.32291343212e-07 2.19184745098 7.30866272542e-08 0.0930548039085 327.085842565 0.0 190.141709896
735601.500012 6.03761065618e-07 2.15599363517 7.24642261381e-08 0.0924062292293 284.305756707 0.0 180.791804499
735606.500012 6.14679825742e-07 2.10757638655 7.50502880216e-08 0.0896470194616 302.693847537 0.0 183.025119189
735611.500012 4.7210261866e-07 2.04873657855 6.31127024026e-08 0.0941879784137 274.039105396 0.0 149.938210809
735616.500012 5.45064082638e-07 1.96818068588 6.03729047285e-08 0.0763612440571 432.282890719 0.0 188.136618691
735621.500012 6.08685137091e-07 2.0576969008 5.99179657935e-08 0.0744019454014 448.32151102 0.0 218.015383266
735626.500012 6.03001998967e-07 1.99959143452 6.34229183871e-08 0.0755530915684 465.167097457 0.0 203.547178436
735631.500012 4.4898742773e-07 2.00309929767 6.44976669761e-08 0.100582940772 233.887304978 0.0 116.130119947
735636.500012 3.78850457962e-07 2.06152004334 5.30292484838e-08 0.101939416831 216.307892468 0.0 133.892532194
735641.500012 5.21715039355e-07 1.95527715821 5.71911781682e-08 0.0752925935014 440.510201096 0.0 190.394831883
735646.500012 5.94555555743e-07 2.0844350808 6.67272378755e-08 0.0835449275798 361.950572577 0.0 198.243118084
735651.500012 7.85141486977e-07 2.14357040192 8.01380621861e-08 0.0798800591596 395.934244555 0.0 233.256184445
735656.500012 7.80027742193e-07 2.24680513807 8.68638643361e-08 0.0883846237037 304.193974843 0.0 224.0440581
735661.500012 6.32984141445e-07 2.1974215629 7.74555948911e-08 0.0953334197289 290.019855377 0.0 183.478729439
735666.500012 5.59351864639e-07 1.98132266835 6.6336543363e-08 0.0803878670821 388.841964747 0.0 185.180171513
735671.500012 6.38253258545e-07 2.21760247541 6.6173834606e-08 0.0872372453139 373.063965553 0.0 222.580633644
735676.500012 6.20093143712e-07 2.09645868902 8.64724447935e-08 0.105688606727 243.368147145 0.0 123.760687854
735681.500012 4.91760744444e-07 2.08107608986 8.49227023776e-08 0.131176456512 149.462620974 0.0 83.499208092
735686.500012 3.78850150698e-07 2.11318344618 6.08716187625e-08 0.122987425329 159.152248471 0.0 95.3338225436
735691.500012 5.50312935935e-07 2.16380846698 6.61801661339e-08 0.0964220465324 284.777332232 0.0 169.089535599
735696.500012 6.0223516257e-07 2.26462001228 6.53339013008e-08 0.097423324089 311.865174679 0.0 201.46321081
735701.500012 5.46007975642e-07 2.19438849621 7.07270771527e-08 0.105311249481 253.033624555 0.0 163.412933832
735706.500012 9.04668299864e-07 2.27830244867 8.67158766152e-08 0.0818168588417 440.592206032 0.0 253.836959237
735711.500012 6.80703023857e-07 2.18859513661 7.96552917909e-08 0.0907325669715 312.181991964 0.0 196.130299663
735716.500012 7.15257336051e-07 2.16151454169 7.61538746356e-08 0.0841141620819 364.212259775 0.0 217.697046576
735721.500012 7.9461899871e-07 2.11394911041 7.28544034606e-08 0.0713151446349 519.617933919 0.0 255.599410164
735726.500012 6.52904862741e-07 2.17964231617 6.67001227697e-08 0.0841940230241 359.871363469 0.0 208.015132753
735731.500012 5.07730997046e-07 2.14157356755 6.35887584137e-08 0.100783792476 274.518490665 0.0 151.641857511
735736.500012 4.89847856639e-07 2.14567042435 6.52505379332e-08 0.104511954522 222.701392143 0.0 146.500267417
735741.500012 4.68995189349e-07 2.08194554967 5.81479076451e-08 0.0942407124108 284.832962245 0.0 159.246094358
735746.500012 5.52820061855e-07 2.1323024249 6.23357682783e-08 0.0875472532927 358.002723027 0.0 192.881517712
735751.500012 4.47250071196e-07 2.13690738614 6.00100485557e-08 0.103365348079 203.519187012 0.0 141.689474933
735756.500012 4.85485931356e-07 2.41769634632 7.12520349831e-08 0.139866178765 137.039493801 0.0 135.516727094
735761.500012 4.30694863515e-07 2.19916226457 6.78334817086e-08 0.119250974038 180.778171861 0.0 128.335057993
735766.500012 2.82938671194e-07 2.00247256932 5.88835055001e-08 0.13266085166 107.639169651 0.0 80.538950299
735771.500012 5.38796651787e-07 2.19980360414 6.71898542535e-08 0.101695775138 252.969491 0.0 165.149488484
735776.500012 3.12576114556e-07 2.03078365335 4.99959754545e-08 0.110009484546 162.032024076 0.0 113.597427996
735781.500012 4.17232001827e-07 2.13839189866 5.67594376061e-08 0.105684601461 212.336590249 0.0 149.213455289
735786.500012 4.55431861927e-07 2.02678925872 6.00017582583e-08 0.0935461690753 266.328917334 0.0 141.173423107
735791.500012 4.0165984869e-07 2.08175696002 6.15305948425e-08 0.113325891942 191.834048202 0.0 117.681163658
735796.500012 3.32397731835e-07 2.17943218002 5.68800951067e-08 0.127655138709 146.15672206 0.0 111.221173672
735801.500012 5.19497168474e-07 2.11657106085 6.17019049217e-08 0.089170825642 300.090070385 0.0 187.431049618
735806.500012 6.42637304287e-07 2.17314469299 6.55338309683e-08 0.0816668012887 391.032036961 0.0 224.917386528
735811.500012 5.61203357342e-07 2.19908392604 6.4885001955e-08 0.0937181351863 293.484974007 0.0 193.670223311
735816.500012 6.80457126998e-07 2.21729880924 7.09696322364e-08 0.0849814802349 413.022644586 0.0 231.391760864
735821.500012 6.62368483571e-07 2.08052035274 6.60608118278e-08 0.0754253981544 449.320638753 0.0 241.457692431
735826.500012 5.92034476845e-07 2.02490733624 6.17982745704e-08 0.0738248996811 433.075750725 0.0 225.545077275
735831.500012 5.29635680806e-07 1.99628993879 6.13974990363e-08 0.0795587106657 364.634563116 0.0 188.616813867
735836.500012 4.54172059045e-07 2.23153745809 6.2479152176e-08 0.114103730597 198.267818921 0.0 145.701321863
735841.500012 4.23725509007e-07 2.08770518984 6.19509999633e-08 0.107975217325 180.83530176 0.0 119.383473544
735846.500012 3.64192039608e-07 2.02950124051 5.2377499904e-08 0.101054773908 200.190707252 0.0 117.112410821
735851.500012 3.68201041345e-07 2.04280321732 5.34838125662e-08 0.101474506801 226.684587375 0.0 136.368207982
735856.500012 3.59692346882e-07 2.03820598017 5.21891695522e-08 0.0974421473948 234.132747354 0.0 135.52094131
735861.500012 4.72519920325e-07 2.01771454705 6.11430043189e-08 0.0888157778223 303.290993269 0.0 171.195149712
735866.500012 4.29522806003e-07 2.03626022749 5.85533735119e-08 0.0945494401888 244.183947395 0.0 151.013222563
735871.500012 4.84665941238e-07 2.03614452114 6.39610888795e-08 0.0897131232936 243.256152659 0.0 164.929112766
735876.500012 5.06578017033e-07 1.95540226937 6.34050874038e-08 0.0816434894247 339.090382185 0.0 167.663602745
735881.500012 6.74003031576e-07 1.87174010275 6.48231617712e-08 0.0618387002018 607.657350475 0.0 241.618258279
735886.500012 8.14711709578e-07 2.0452923107 6.82946237552e-08 0.062885039599 699.131460598 0.0 288.873620202
735891.500012 8.32772508417e-07 1.96497185099 7.2724251659e-08 0.0619477257357 711.847619876 0.0 266.325642613
735896.500012 1.1478392717e-06 1.98918082083 8.62034602916e-08 0.054618988737 984.952416854 0.0 342.446454369
735901.500012 7.33181683579e-07 2.06409105162 7.10336506114e-08 0.0736626173003 529.448089756 0.0 239.931112402
735906.500012 6.31836798566e-07 2.10139999331 6.71241970111e-08 0.0800678731342 425.081297901 0.0 212.886337306
735911.500012 7.86418022771e-07 2.06087322442 7.16383551867e-08 0.0682145235775 535.203509431 0.0 260.250138434
735916.500012 7.18044145532e-07 2.01509239318 7.64086888972e-08 0.0731923649707 479.028385502 0.0 225.65720767
735921.500012 7.4888987726e-07 2.21943262977 8.19066515496e-08 0.0896241776398 333.488686777 0.0 214.554163923
735926.500012 4.52336052665e-07 2.1615881913 6.72090293972e-08 0.111498318537 177.342206051 0.0 133.907710488
735931.500012 5.71978072261e-07 2.15481251822 6.79037871766e-08 0.0912686143241 280.874405502 0.0 184.87014307
735936.500012 5.3178480025e-07 2.13331188577 6.20102866372e-08 0.0896609323179 317.872061194 0.0 186.930644043
735941.500012 4.65882937026e-07 1.9921004124 5.64653054945e-08 0.0841333850632 380.971002174 0.0 172.986141576
735946.500012 3.59865325374e-07 2.00208756883 5.54951343583e-08 0.105159883897 199.204952851 0.0 118.613926528
735951.500012 2.26669138689e-07 2.04235343373 4.63155804005e-08 0.140198798765 108.409959669 0.0 77.8690051926
735956.500012 2.99069450099e-07 1.98518327125 4.55208666201e-08 0.102724410213 183.185960941 0.0 111.494844776
735961.500012 3.49576841875e-07 2.1226485742 5.17357713479e-08 0.113054785094 181.297776047 0.0 121.510785398
735966.500012 3.9446003999e-07 2.1271470112 6.06078547978e-08 0.1140938654 171.011015214 0.0 125.145465011
735971.500012 3.79520705466e-07 2.09464609121 5.12960386427e-08 0.0960477775815 250.847362134 0.0 165.729824474
735976.500012 4.68612695116e-07 2.24234826889 5.12000810311e-08 0.0901526273985 309.828053723 0.0 230.573792928
735981.500012 5.09318753786e-07 2.18336752787 6.65187601747e-08 0.102534196931 230.404681109 0.0 153.955438697
735986.500012 5.63993119612e-07 2.30916311675 6.61958381736e-08 0.105316042306 267.441899323 0.0 180.049015802
735991.500012 3.96221378469e-07 2.19683106148 5.52443563721e-08 0.114257194764 165.895911214 0.0 137.515869484
735996.500012 3.32983824983e-07 2.1125030037 5.44141121399e-08 0.118821763761 160.870221325 0.0 109.690855185
736001.500012 5.09443927771e-07 2.10408125684 6.27912583855e-08 0.0946889324256 294.659363495 0.0 156.784483588
736006.500012 5.44524071045e-07 1.9788502228 6.01901774052e-08 0.0766821308727 405.231369205 0.0 195.014538997
736011.500012 5.89661067703e-07 2.02402533391 6.00272892606e-08 0.0737474410373 421.918526716 0.0 218.75524586
736016.500012 4.13071403724e-07 2.06259574316 5.58315392556e-08 0.0971952617604 233.208043898 0.0 139.104717435
736021.500012 5.32692822944e-07 2.18555898602 6.93163340028e-08 0.103201726644 222.839178374 0.0 157.196793214
736026.500012 6.33066902495e-07 2.21201165663 7.90379785738e-08 0.0971285901655 255.801182925 0.0 182.959825027
736031.500012 4.87549541292e-07 2.14453092957 6.67027163713e-08 0.100897820418 201.603623191 0.0 146.101387563
736036.500012 3.14538570983e-07 2.04180016947 5.50997400599e-08 0.120665102298 167.33214949 0.0 103.12004641
736041.500012 3.56896792338e-07 2.13420329337 5.31622715487e-08 0.113454603575 173.74835387 0.0 124.810361933
736046.500012 3.95590232746e-07 2.20737690834 5.67311555196e-08 0.119538148254 162.60584235 0.0 131.533824843
736051.500012 2.77385480846e-07 2.10330437982 5.12563358497e-08 0.131428460806 115.442505957 0.0 88.230886914
736056.500012 3.55471556805e-07 2.23682863397 5.8301084453e-08 0.133860994032 117.849405522 0.0 110.563711633
736061.500012 2.00816336298e-07 2.08261033323 4.51396331347e-08 0.155912071522 63.1863411259 0.0 72.6011177875
736066.500012 2.59096883795e-07 2.06069723729 4.85226424566e-08 0.128478178894 113.590080887 0.0 91.5570059835
736071.500012 2.65372975817e-07 2.14684463373 5.46572932596e-08 0.150740886262 90.7295896407 0.0 82.8183304141
736076.500012 2.78584389218e-07 2.20373057208 6.14652647896e-08 0.159265165172 81.6840889396 0.0 79.525169268
736081.500012 3.80611405492e-07 2.25562262515 7.06300236157e-08 0.142575812821 96.2895223709 0.0 107.314061965
736086.500012 3.7491443818e-07 2.10772695267 6.55192959831e-08 0.121855429213 150.826322124 0.0 106.453059829
736091.500012 4.43325524805e-07 2.29560662207 6.12963180591e-08 0.121624456565 168.155287525 0.0 142.304258416
736096.500012 3.52503000529e-07 2.22971357075 5.47063821219e-08 0.12658546085 125.320411092 0.0 126.09649381
736101.500012 3.93009563395e-07 2.21491063457 5.95936892288e-08 0.12315875467 176.818696665 0.0 123.791830632
736106.500012 4.51196833008e-07 2.05029346038 6.25541597178e-08 0.0989237356135 233.8810164 0.0 135.190754111
736111.500012 2.63136657663e-07 1.95095469009 4.47577108418e-08 0.110345670231 159.319996852 0.0 91.4126193806
736116.500012 4.79461793763e-07 2.08897261917 5.78130462241e-08 0.0905408794113 279.592157828 0.0 168.415197026
736121.500012 4.0181486657e-07 2.11146779863 5.66944991912e-08 0.10636670382 205.776753612 0.0 132.448937004
736126.500012 3.59797393605e-07 2.15664791552 6.32521767612e-08 0.13222018169 137.954221803 0.0 105.515561192
736131.500012 2.34821163333e-07 2.11369029392 5.5907534823e-08 0.163618364685 71.3644143048 0.0 63.6724492275
736136.500012 2.64969799781e-07 2.0594907633 5.90271427281e-08 0.143332190466 92.417416593 0.0 73.1611789618
736141.500012 2.10876895616e-07 2.05391303564 5.62236127537e-08 0.174553337161 77.0605286538 0.0 53.8893749507
736146.500012 4.58653548523e-07 2.08555061852 5.80041274388e-08 0.0918978091512 253.247148164 0.0 165.361864696
736151.500012 3.40830111796e-07 2.1700147729 5.38055385661e-08 0.120582738404 157.019465699 0.0 121.018859934
736156.500012 3.1479250268e-07 2.04515715463 5.45863666518e-08 0.119142441582 159.719716376 0.0 99.1553252367
736161.500012 3.40719303468e-07 2.15982838109 6.24123164563e-08 0.145403080244 117.187107955 0.0 99.9134761569
736166.500012 2.62841049094e-07 2.2858919413 5.57344049687e-08 0.173270654025 62.1417057438 0.0 74.6265069954
736171.500012 3.25005827838e-07 2.10338699574 5.28960268236e-08 0.118708198397 171.305025713 0.0 116.912985601
736176.500012 2.44224073086e-07 2.0232919234 5.31873062559e-08 0.138424955901 105.255094934 0.0 75.2862735209
736181.500012 5.60222425407e-07 2.28476841635 2.57058827935e-07 0.311128550903 20.5161989625 0.0 21.7519901876
736186.500012 3.32490848388e-07 2.30704456259 5.9123494021e-08 0.144105074328 110.550362451 0.0 98.7292828714
736191.500012 2.65895567101e-07 2.55778587879 5.64497517555e-08 0.221839221272 45.824288637 0.0 84.2776586763
736196.500012 3.17911278675e-07 2.20840394185 5.77767918595e-08 0.140247705168 109.694918993 0.0 105.526895537
736201.500012 3.34913159722e-07 2.10037880368 5.41942672759e-08 0.11522153947 163.511774343 0.0 119.235464828
736206.500012 3.57947160438e-07 2.00955628699 5.40451859453e-08 0.104893264154 230.732465728 0.0 120.83743917
736211.500012 3.48471405752e-07 2.31311130612 6.14567268838e-08 0.152618064354 99.1316312506 0.0 95.5923061008
736216.500012 2.46710755018e-07 2.05441145613 5.06968843011e-08 0.137675250199 101.031035573 0.0 78.3327367128
736221.500012 2.28562831891e-07 2.03557147398 4.64085895664e-08 0.135536070322 126.748488573 0.0 84.0910603043
736226.500012 3.32814498265e-07 2.15075393401 5.21174975945e-08 0.117204572612 153.432055963 0.0 121.849314282
736231.500012 2.15000839549e-07 1.91811348334 4.7133707789e-08 0.125920907235 111.370179572 0.0 78.9829577841
736236.500012 1.70044045522e-07 1.92955136869 4.57693567584e-08 0.154776279833 69.4245039811 0.0 55.5157651172
736241.500012 2.86102307445e-07 2.22753901778 4.16664402026e-08 0.116036332331 161.14269999 0.0 151.874880382
736246.500012 2.690458641e-07 1.99585208607 6.39403966293e-08 0.111169166221 168.110085153 0.0 106.271948743
736251.500012 3.22529022857e-07 2.09436775387 4.45552275181e-08 0.0969995548377 224.480707162 0.0 160.825142807
736256.500012 4.03657852434e-07 2.03081140165 4.89641340036e-08 0.0839428670133 298.289005445 0.0 186.945571218
736261.500012 4.55249969241e-07 2.27095997622 5.8241214852e-08 0.110405140153 202.765654006 0.0 154.05135547
736266.500012 5.67842137136e-07 2.02938779455 7.71842697331e-08 0.0993005368193 287.108418044 0.0 130.461387862
736271.500012 5.29848785533e-07 1.97007053915 6.10818340693e-08 0.0802890488001 384.643679804 0.0 167.433257772
736276.500012 7.97549632014e-07 2.0862144485 7.28551123668e-08 0.0700245245004 548.679825247 0.0 265.204024198
736281.500012 5.12404139941e-07 1.93512673959 6.20804505796e-08 0.0805146146103 331.018158809 0.0 160.084444797
736286.500012 4.9704541758e-07 2.03923457325 6.85691855321e-08 0.0949339484181 281.70391888 0.0 152.369934134
736291.500012 7.50920276907e-07 2.20774487199 8.20999095171e-08 0.0872091263513 320.82978746 0.0 216.720301288
736296.500012 4.26539101204e-07 1.88757267249 6.17175123745e-08 0.0884051906962 296.715226409 0.0 141.639315533
736301.500012 5.17279076594e-07 2.065902631 6.14898451899e-08 0.086831069633 330.476937323 0.0 169.616189815
736306.500012 5.24857888923e-07 2.26917886739 6.29262391273e-08 0.105336423275 222.764007214 0.0 175.3727613
736311.500012 3.66844438082e-07 1.88499780895 6.35110302161e-08 0.0880297182692 291.054900318 0.0 137.227755543
736316.500012 5.1243957878e-07 2.06685875532 8.59755596454e-08 0.115804056585 160.813497262 0.0 108.41564349
736321.500012 5.49042082694e-07 2.06116382393 6.61834210627e-08 0.0896807305304 331.386724451 0.0 164.479329841
736326.500012 5.68052398855e-07 1.90546356322 6.03115610817e-08 0.0694615966779 521.524129151 0.0 209.833601128
736331.500012 1.07578030087e-06 1.8575726818 8.58022213293e-08 0.0519916688007 997.753385321 0.0 295.956526534
736336.500012 7.30951581907e-07 2.01364960389 6.95949830157e-08 0.066851942462 545.007430001 0.0 258.285243918
736341.500012 8.68975064923e-07 2.13167954598 7.62192160683e-08 0.0669224053412 603.033714904 0.0 303.755161963
736346.500012 6.9328638903e-07 2.06355075474 7.09249547399e-08 0.07387051099 484.102066015 0.0 239.493821657
736351.500012 4.16036291702e-07 2.15894451234 5.6916403799e-08 0.104463645176 200.684839321 0.0 147.398652936
736356.500012 4.38656041369e-07 2.00644542966 5.83036052187e-08 0.0900116470847 286.786971417 0.0 159.535797088
736361.500012 5.1948405477e-07 1.96218565775 5.943984266e-08 0.0765183110113 427.477966586 0.0 192.856726284
736366.500012 3.07038131285e-07 1.95995740151 5.15952929194e-08 0.108971669387 164.690237414 0.0 100.783563214
736371.500012 3.4611828849e-07 1.98432844823 5.43867013414e-08 0.107306025566 197.047451532 0.0 105.269428013
736376.500012 5.52258296714e-07 2.20418567341 6.49376215865e-08 0.0961561915173 280.305795563 0.0 173.827833254
736381.500012 5.28613585309e-07 2.10641038792 6.08189630004e-08 0.0869122232046 355.399274551 0.0 193.380922525
736386.500012 4.24186837165e-07 1.94626155476 5.17141559232e-08 0.0806219448448 362.499224296 0.0 166.772703324
736391.500012 4.55974418326e-07 2.26264511679 6.2067536876e-08 0.11378322013 202.225853601 0.0 159.237528173
736396.500012 2.83710236072e-07 1.99702116146 5.45492552272e-08 0.116564437676 147.486012365 0.0 102.922595608
736401.500012 5.24935705692e-07 1.98276416559 6.46972101403e-08 0.0811664017287 333.881050613 0.0 189.267950335
736406.500012 6.23925945005e-07 1.94045262857 6.4862885608e-08 0.0686960830636 482.241682448 0.0 217.77720806
736411.500012 5.50628188858e-07 2.03028271319 6.02550370013e-08 0.0783068544143 400.620697535 0.0 196.854169305
736416.500012 4.41648519643e-07 2.00728891823 5.60362285999e-08 0.0890449324163 294.230355309 0.0 160.95081184
736421.500012 5.47160001248e-07 2.10472090974 6.60648489608e-08 0.0923980570283 318.61210622 0.0 165.923480235
736426.500012 4.00060818667e-07 2.08492826651 6.92691687518e-08 0.127044326517 141.049610938 0.0 89.0010606002
736431.500012 4.60010145085e-07 2.05413040401 5.59376393828e-08 0.0890223345558 312.730579857 0.0 166.799056226
736436.500012 3.19665882803e-07 1.9517111485 4.97156640123e-08 0.10107288731 198.594446737 0.0 118.516087267
736441.500012 3.6685500959e-07 2.4987622295 6.65297476056e-08 0.183280345771 89.17608484 0.0 102.50309031
736446.500012 3.76146170081e-07 2.06863453818 6.45495156311e-08 0.117634284012 168.922447073 0.0 113.315505472
736451.500012 5.08891983299e-07 2.24915261059 7.67514029479e-08 0.118848167775 174.488805892 0.0 143.818434947
736456.500012 3.08254250614e-07 2.30256044384 6.40691929522e-08 0.164102773653 77.4850357003 0.0 87.2312423851
736461.500012 2.44954744896e-07 2.08326908549 5.11031229096e-08 0.142294919384 99.9878862779 0.0 78.3517340508
736466.500012 2.50026793026e-07 2.13871319899 4.97375818135e-08 0.142215255108 96.3773569207 0.0 82.7868396955
736471.500012 2.11116777232e-07 1.94196281929 4.65442931784e-08 0.136731778973 127.884264127 0.0 69.1156013666
736476.500012 3.09215833993e-07 2.17557992422 5.88637787431e-08 0.153277385406 95.6444203764 0.0 85.5629378012
736481.500012 4.36932513258e-07 2.12588679209 6.03753540931e-08 0.10478336842 202.160581775 0.0 139.588342728
736486.500012 6.84591603033e-07 2.02509537874 6.56496121034e-08 0.0692508495394 530.35020371 0.0 245.124323353
736491.500012 1.4204789712e-06 2.00474452713 8.20648539371e-08 0.0425449092776 1688.63577536 0.0 564.532842221
736496.500012 6.14267652889e-07 2.21187707708 7.04392158818e-08 0.0952878354115 281.98473082 0.0 183.825877046
736501.500012 7.17393998846e-07 2.01029258305 7.76944176469e-08 0.0740221338756 460.091245763 0.0 214.115811373
736506.500012 9.31797991709e-07 1.98260385944 8.23947417525e-08 0.0608445867321 721.22398767 0.0 283.887545012
736511.500012 8.84595767943e-07 2.0881110962 8.76360599717e-08 0.0753861657894 505.091008361 0.0 222.781101435
736516.500012 5.89162030889e-07 2.00301356849 6.04824765363e-08 0.0720168672949 465.527292282 0.0 223.935900515
736521.500012 6.75694819975e-07 2.22542328912 6.68912567111e-08 0.0858834474625 392.239596871 0.0 235.059629247
736526.500012 5.51548411075e-07 1.98409632336 6.18931022475e-08 0.0781759804423 366.480566761 0.0 179.815070242
736531.500012 8.81232765141e-07 2.00801433696 7.789627567e-08 0.0639125900296 652.108532918 0.0 268.797490602
736536.500012 1.02037475567e-06 2.04283549785 7.65501959529e-08 0.0568214818628 828.821493861 0.0 351.878588113
736541.500012 8.57790099349e-07 2.00606112517 6.9909742267e-08 0.0591556828881 787.441232222 0.0 320.37510762
736546.500012 9.53886627046e-07 2.17283857887 7.56269991595e-08 0.0649142478243 667.813672644 0.0 337.039298611
736551.500012 1.01697286638e-06 2.07252534177 7.86906819428e-08 0.0578174095708 843.553546707 0.0 367.166638483
736556.500012 9.38453737325e-07 2.03199839692 7.52064926264e-08 0.0581369167567 784.843088596 0.0 341.604828397
736561.500012 9.35455121321e-07 2.03961519296 7.61412080849e-08 0.0585527443828 779.206357914 0.0 341.296616951
736566.500012 6.47870904806e-07 2.08937652424 6.95224534624e-08 0.0790890113095 386.819095494 0.0 224.648084325
