#tempo, fluxo, gama, errofluxo, errogama, TS, retcode e npred
733269.000012 1.05378886179e-07 1.670093052 1.18544449195e-08 0.0 440.359128745 0.0 177.502001749
733289.000012 7.86945273949e-08 1.670093052 9.57423424633e-09 0.0 357.508670215 0.0 158.3279863
733309.000012 7.34365466502e-08 1.670093052 1.22125420851e-08 0.0 188.560728099 0.0 98.0779069351
733329.000012 8.16716447207e-08 1.670093052 9.72044519772e-09 0.0 405.52159893 0.0 158.235383241
733349.000012 9.22143630206e-08 1.670093052 1.08945405081e-08 0.0 420.647256754 0.0 167.796410251
733369.000012 8.8632940585e-08 1.670093052 1.19453485366e-08 0.0 285.699004443 0.0 124.598196954
733389.000012 8.31610029489e-08 1.670093052 9.70986706444e-09 0.0 460.356656256 0.0 167.526471992
733409.000012 8.37796162114e-08 1.670093052 1.14269724772e-08 0.0 279.497831222 0.0 129.098812706
733429.000012 5.20208153005e-08 1.670093052 8.80518912623e-09 0.0 171.26312858 0.0 86.5902736505
733449.000012 5.71050771503e-08 1.670093052 8.5679738087e-09 0.0 280.636852041 0.0 110.977543984
733469.000012 4.77384053957e-08 1.670093052 1.0147296168e-08 0.0 119.544742348 0.0 58.1133197509
733489.000012 3.7884679855e-08 1.670093052 8.18653127974e-09 0.0 93.7606412015 0.0 61.4680609677
733509.000012 4.74222302218e-08 1.670093052 8.41160724137e-09 0.0 132.820117223 0.0 85.5706257914
733529.000012 4.00247133232e-08 1.670093052 8.69660416293e-09 0.0 106.399017502 0.0 51.5461500606
733549.000012 5.4557911768e-08 1.670093052 8.70933321473e-09 0.0 213.604555515 0.0 106.783938104
733569.000012 5.3537685923e-08 1.670093052 9.35934637963e-09 0.0 201.137770803 0.0 83.9595652878
733589.000012 4.32114790978e-08 1.670093052 8.45637827647e-09 0.0 131.1289093 0.0 72.0162717604
733609.000012 5.5025583019e-08 1.670093052 8.5615495336e-09 0.0 232.113850203 0.0 104.009004414
733629.000012 4.38172228811e-08 1.670093052 9.12099190947e-09 0.0 104.890546557 0.0 59.270658522
733649.000012 5.16570679076e-08 1.670093052 9.45009715705e-09 0.0 136.557569456 0.0 88.3838721638
733669.000012 6.08631327497e-08 1.670093052 1.0841567594e-08 0.0 127.136742032 0.0 83.747176464
733689.000012 5.05932672099e-08 1.670093052 1.07607326547e-08 0.0 86.3740122543 0.0 63.8043551869
733709.000012 6.87010501152e-08 1.670093052 1.11904283694e-08 0.0 168.531556849 0.0 96.6187926238
733729.000012 5.06657839298e-08 1.670093052 1.03046753563e-08 0.0 110.531229822 0.0 63.2023242134
733749.000012 4.7000206475e-08 1.670093052 1.02424984211e-08 0.0 100.505762441 0.0 57.8987031483
733769.000012 5.79301300644e-08 1.670093052 1.02594493807e-08 0.0 150.385842715 0.0 80.6503099447
733789.000012 4.82570677136e-08 1.670093052 1.02429666284e-08 0.0 107.958336532 0.0 58.413537101
733809.000012 6.18639210631e-08 1.670093052 1.13847704162e-08 0.0 148.00791308 0.0 79.9503241787
733829.000012 6.99523479039e-08 1.670093052 1.13960213226e-08 0.0 185.254494924 0.0 91.1391424636
733849.000012 7.60920981093e-08 1.670093052 1.23993948635e-08 0.0 207.02637001 0.0 93.120488039
733869.000012 6.86942349765e-08 1.670093052 1.12096884073e-08 0.0 216.327826491 0.0 87.3266164594
733889.000012 8.95903674151e-08 1.670093052 1.32860490616e-08 0.0 212.303882829 0.0 110.932167875
733909.000012 7.45733495361e-08 1.670093052 1.17578109266e-08 0.0 186.763534948 0.0 102.813696893
733929.000012 6.21099826122e-08 1.670093052 1.07522867183e-08 0.0 160.677375217 0.0 89.1767008813
733949.000012 7.70109515237e-08 1.670093052 1.15059338909e-08 0.0 230.928120098 0.0 95.3130806602
733969.000012 1.13313559137e-07 1.670093052 1.32307194174e-08 0.0 381.692474967 0.0 164.500524763
733989.000012 1.0642487223e-07 1.670093052 1.32855070397e-08 0.0 322.626998026 0.0 152.999834344
734009.000012 7.27101944598e-08 1.670093052 1.0781114922e-08 0.0 228.243152498 0.0 96.0099169102
734029.000012 6.29444983292e-08 1.670093052 9.95723079057e-09 0.0 201.823176773 0.0 97.3209099715
734049.000012 8.61266238829e-08 1.670093052 1.33119808099e-08 0.0 175.486807558 0.0 89.4489939297
734069.000012 8.00887436701e-08 1.670093052 1.19480617377e-08 0.0 232.297322641 0.0 100.719413299
734089.000012 6.09181137676e-08 1.670093052 1.09187765584e-08 0.0 150.175834265 0.0 84.0474262473
734109.000012 5.90564448127e-08 1.670093052 1.11712666014e-08 0.0 126.831223665 0.0 71.5451384622
734129.000012 5.05172203315e-08 1.670093052 9.53552427018e-09 0.0 176.35407439 0.0 70.7996683161
734149.000012 4.30719757696e-08 1.670093052 9.19295576754e-09 0.0 123.823041118 0.0 58.7885729377
734169.000012 6.09830637657e-08 1.670093052 1.1283797026e-08 0.0 144.762620472 0.0 75.6128091828
734189.000012 6.35541939947e-08 1.670093052 1.08837695959e-08 0.0 158.828295956 0.0 87.6315919778
734209.000012 6.61106156085e-08 1.670093052 1.16531573543e-08 0.0 159.048218123 0.0 82.3402429832
734229.000012 5.69661633097e-08 1.670093052 9.9894875862e-09 0.0 181.186899493 0.0 78.6008199442
734249.000012 4.08882225163e-08 1.670093052 1.00215495941e-08 0.0 84.9247671432 0.0 44.3720688708
734269.000012 3.83071971101e-08 1.670093052 9.03393628113e-09 0.0 102.74752586 0.0 46.1216681556
734289.000012 4.66298030839e-08 1.670093052 9.56782105538e-09 0.0 122.34496549 0.0 61.0437306204
734309.000012 5.06444478409e-08 1.670093052 9.79406239775e-09 0.0 155.823474248 0.0 66.2562439884
734329.000012 6.71453399563e-08 1.670093052 1.13420598544e-08 0.0 181.917567584 0.0 83.5222013268
734349.000012 3.97602095269e-08 1.670093052 9.21225152818e-09 0.0 76.620352352 0.0 53.7887109942
734369.000012 4.08103459105e-08 1.670093052 1.03101718008e-08 0.0 51.5031668843 0.0 49.6180613178
734389.000012 5.26399528489e-08 1.670093052 1.10536083442e-08 0.0 91.2450360387 0.0 66.5920004489
734409.000012 6.05182221523e-08 1.670093052 1.05311662401e-08 0.0 145.497555747 0.0 77.2042483794
734429.000012 6.31012494457e-08 1.670093052 1.16744543352e-08 0.0 130.710190134 0.0 73.518360929
734449.000012 7.71165287009e-08 1.670093052 1.19069561394e-08 0.0 206.88776503 0.0 101.043628228
734469.000012 5.65838523476e-08 1.670093052 1.00441227843e-08 0.0 151.300227301 0.0 78.3459692087
734489.000012 5.93980817573e-08 1.670093052 1.12365121508e-08 0.0 136.188183148 0.0 73.0994015456
734509.000012 5.87762040877e-08 1.670093052 9.586122785e-09 0.0 208.88499281 0.0 90.8744198659
734529.000012 6.0760164983e-08 1.670093052 1.01441845258e-08 0.0 151.61695895 0.0 87.039435961
734549.000012 4.00630869735e-08 1.670093052 8.81401283564e-09 0.0 81.3387575603 0.0 56.0381873856
734569.000012 6.3801476076e-08 1.670093052 9.91667321753e-09 0.0 228.28075219 0.0 96.9503214318
734589.000012 5.78492053758e-08 1.670093052 1.01494033862e-08 0.0 166.024741838 0.0 73.7189023248
734609.000012 5.9374308474e-08 1.670093052 9.62835522946e-09 0.0 194.271655199 0.0 85.7480359927
734629.000012 7.14965462489e-08 1.670093052 1.136003398e-08 0.0 239.1065868 0.0 94.9178375015
734649.000012 7.68426042226e-08 1.670093052 1.20315615344e-08 0.0 210.024240977 0.0 91.4395740468
734669.000012 5.5839851283e-08 1.670093052 1.00413595578e-08 0.0 183.784571162 0.0 76.8213928827
734689.000012 6.23101769483e-08 1.670093052 1.13546738856e-08 0.0 198.896316197 0.0 69.9622147289
734709.000012 8.30992164164e-08 1.670093052 1.24265247186e-08 0.0 292.940679972 0.0 105.217562475
734729.000012 8.06872937889e-08 1.670093052 1.22480835179e-08 0.0 264.628470067 0.0 107.96247165
734749.000012 9.74827284119e-08 1.670093052 1.34696604763e-08 0.0 285.410291868 0.0 118.804675001
734769.000012 1.22544093479e-07 1.670093052 1.70792628381e-08 0.0 321.591379307 0.0 103.319895174
734789.000012 8.29126159467e-08 1.670093052 1.31173034483e-08 0.0 186.833167616 0.0 103.807803893
734809.000012 6.59704956662e-08 1.670093052 1.14603718165e-08 0.0 151.264547977 0.0 81.3142415247
734829.000012 7.13634625237e-08 1.670093052 1.17369203464e-08 0.0 179.626947656 0.0 96.8335093696
734849.000012 6.83025642149e-08 1.670093052 1.15263162998e-08 0.0 170.434063025 0.0 87.4453295145
734869.000012 7.14319292043e-08 1.670093052 1.0710415162e-08 0.0 259.285802118 0.0 95.1858316004
734889.000012 5.70902321545e-08 1.670093052 9.4898044203e-09 0.0 173.137218365 0.0 90.9069193806
734909.000012 4.90460491807e-08 1.670093052 9.16490545371e-09 0.0 158.519249105 0.0 64.5402838672
734929.000012 7.20272719847e-08 1.670093052 1.22509236693e-08 0.0 160.646561966 0.0 86.2928973494
734949.000012 5.13863536294e-08 1.670093052 9.72577474282e-09 0.0 149.55619999 0.0 70.4439313329
734969.000012 7.11505072692e-08 1.670093052 1.09715523829e-08 0.0 210.116852965 0.0 90.4930087265
734989.000012 5.00166683597e-08 1.670093052 9.6636922945e-09 0.0 121.986135044 0.0 68.4059259066
735009.000012 5.22842436331e-08 1.670093052 9.6295349376e-09 0.0 142.9209846 0.0 73.7634047035
735029.000012 4.93563664612e-08 1.670093052 9.77792182892e-09 0.0 135.244708799 0.0 62.9045393107
735049.000012 4.22313288581e-08 1.670093052 8.57518571014e-09 0.0 133.951983348 0.0 60.6872009936
735069.000012 5.55476121797e-08 1.670093052 1.01651691644e-08 0.0 138.750965656 0.0 67.0746727253
735089.000012 6.0304351148e-08 1.670093052 1.11583543123e-08 0.0 158.807232515 0.0 76.6126240823
735109.000012 6.50969330999e-08 1.670093052 1.16760651838e-08 0.0 156.242683706 0.0 82.6720126208
735129.000012 4.18873361709e-08 1.670093052 8.70660677349e-09 0.0 131.46457388 0.0 51.4280518141
735149.000012 3.58871004243e-08 1.670093052 8.13643569075e-09 0.0 77.6756597949 0.0 49.2407177721
735169.000012 5.26670738151e-08 1.670093052 9.70887317114e-09 0.0 153.775287065 0.0 71.2947942239
735189.000012 6.76907348585e-08 1.670093052 1.21585597883e-08 0.0 155.135108597 0.0 84.9088723826
735209.000012 6.00205470004e-08 1.670093052 1.00760330202e-08 0.0 178.242083189 0.0 97.3087044021
735229.000012 6.13781961674e-08 1.670093052 8.15754574535e-09 0.0 267.961342846 0.0 130.795163584
735249.000012 4.5848662299e-08 1.670093052 5.70509378978e-09 0.0 287.835725022 0.0 152.875988376
735269.000012 6.21122406002e-08 1.670093052 9.69800613829e-09 0.0 239.067350525 0.0 97.6199789536
735289.000012 6.4375667424e-08 1.670093052 7.94573650617e-09 0.0 312.168203979 0.0 149.124483745
735309.000012 5.54908507952e-08 1.670093052 6.74082935036e-09 0.0 332.358051274 0.0 158.000995644
735329.000012 6.98995710427e-08 1.670093052 8.48977574102e-09 0.0 366.519763384 0.0 156.492208689
735349.000012 6.52823357474e-08 1.670093052 8.67058877799e-09 0.0 297.364332431 0.0 126.096735716
735369.000012 5.968554087e-08 1.670093052 1.01440289947e-08 0.0 215.719310839 0.0 82.2217767503
735389.000012 9.37638023537e-08 1.670093052 1.89196152513e-08 0.0 141.694116888 0.0 50.3290816919
735409.000012 4.91064737143e-08 1.670093052 1.08304612507e-08 0.0 92.6261871444 0.0 54.1908472677
735429.000012 6.07879415374e-08 1.670093052 8.33356372305e-09 0.0 293.54329267 0.0 122.353832032
735449.000012 5.62468438858e-08 1.670093052 6.76784176629e-09 0.0 330.753520312 0.0 157.088057102
735469.000012 5.69357488394e-08 1.670093052 7.05080465786e-09 0.0 301.415407091 0.0 155.607892562
735489.000012 8.23735580332e-08 1.670093052 9.29287839255e-09 0.0 414.755269712 0.0 180.098439073
735509.000012 6.56623938816e-08 1.670093052 6.4222539927e-09 0.0 591.642397639 0.0 225.847985876
735529.000012 7.61798721179e-08 1.670093052 8.0982670601e-09 0.0 497.302989443 0.0 196.729496787
735549.000012 7.8590420836e-08 1.670093052 8.54585921702e-09 0.0 469.279231952 0.0 183.58941501
735569.000012 1.00467363466e-07 1.670093052 8.53702897118e-09 0.0 749.374928733 0.0 274.305644044
735589.000012 1.41150278789e-07 1.670093052 1.38204299113e-08 0.0 632.862379792 0.0 206.431788006
735609.000012 9.64577959267e-08 1.670093052 1.22923402797e-08 0.0 310.030868641 0.0 126.93206472
735629.000012 8.90560087562e-08 1.670093052 1.10992892192e-08 0.0 312.228942603 0.0 140.582111449
735649.000012 8.02073588475e-08 1.670093052 1.1645368672e-08 0.0 235.765032346 0.0 109.864674027
735669.000012 9.10965186018e-08 1.670093052 1.07105598314e-08 0.0 377.791674327 0.0 154.712442431
735689.000012 9.48807089993e-08 1.670093052 9.77050899386e-09 0.0 594.858513807 0.0 201.364929803
735709.000012 8.15705547899e-08 1.670093052 1.17695506293e-08 0.0 268.492482378 0.0 102.000281846
735729.000012 6.71679801313e-08 1.670093052 1.11257526222e-08 0.0 210.275611344 0.0 94.238171878
735749.000012 8.69095865383e-08 1.670093052 1.28908409329e-08 0.0 217.414706716 0.0 111.08500291
735769.000012 6.78575207246e-08 1.670093052 1.07899964092e-08 0.0 193.186744808 0.0 92.1617305632
735789.000012 6.14705306737e-08 1.670093052 1.06128151326e-08 0.0 164.205549109 0.0 81.940715247
